#################
Data: val
Run: 1
Time: 2024-09-12 16:43:57
Loss function: MAE
Combinations: [[1, 14], [1, 13], [1, 15], [1, 27], [1, 38], [1, 3], [1, 45], [1, 44], [1, 33], [1, 25], [1, 39], [1, 2], [1, 26], [1, 32], [1, 36], [1, 0], [1, 1], [1, 20], [1, 9], [1, 24], [1, 6], [1, 17], [1, 21], [1, 37], [1, 43], [1, 42], [1, 8], [1, 31], [1, 30], [1, 23], [1, 40], [1, 12], [1, 18], [1, 16], [1, 19], [1, 7], [1, 4], [1, 29], [1, 22], [1, 28], [1, 5], [1, 34], [1, 41], [1, 35], [1, 10], [1, 11]]
Losses: [0.00783004704862833, 0.008715612813830376, 0.008905715309083462, 0.009017754346132278, 0.009138251654803753, 0.00959437619894743, 0.00961107388138771, 0.00987200066447258, 0.010148649103939533, 0.010154004208743572, 0.01049745175987482, 0.01088850386440754, 0.010890430770814419, 0.01107331644743681, 0.011279330588877201, 0.011600697413086891, 0.011849147267639637, 0.012011426500976086, 0.012208421714603901, 0.012297150678932667, 0.013042793609201908, 0.013297677040100098, 0.013492134399712086, 0.013914797455072403, 0.013993608765304089, 0.014660068787634373, 0.015574824064970016, 0.016094869002699852, 0.017086893320083618, 0.017254484817385674, 0.017538128420710564, 0.017569532617926598, 0.017786430194973946, 0.017984265461564064, 0.01841868832707405, 0.022341610863804817, 0.026797443628311157, 0.026992857456207275, 0.027727698907256126, 0.02975372225046158, 0.03835735470056534, 0.039691343903541565, 0.04758457839488983, 0.04868584871292114, 0.05495304986834526, 0.06530490517616272]
Hyperparameters: [('batch_size', [(32, 5)]), ('criterion', [('MAE', 5)]), ('differencing', [('none', 5)]), ('features', [('occrate_occrate1day_occrate1week_dow_hod_lecture_exam_registered', 5)]), ('frequency', [('5min', 5)]), ('hidden_size', [(array([256]), 3), (array([1024]), 2)]), ('include_x_features', [(True, 5)]), ('info', [('Run 1: LSTM sweep', 5)]), ('lr', [(0.0001, 5)]), ('max_n_updates', [(25000, 5)]), ('model_class', [('simple_lstm', 5)]), ('num_layers', [(3, 1), (4, 4)]), ('occcount', [(False, 5)]), ('weight_decay', [(0, 5)]), ('x_horizon', [(72, 5)]), ('x_size', [(10, 5)]), ('y_features_size', [(9, 5)]), ('y_horizon', [(6, 1), (12, 4)]), ('y_size', [(1, 5)]), ('zero_sample_drop_rate', [(0.05, 3), (0.1, 2)])]
Loss function: MSE
Combinations: [[1, 14], [1, 15], [1, 13], [1, 38], [1, 25], [1, 27], [1, 44], [1, 45], [1, 3], [1, 33], [1, 36], [1, 39], [1, 26], [1, 2], [1, 20], [1, 32], [1, 24], [1, 0], [1, 1], [1, 43], [1, 21], [1, 17], [1, 9], [1, 37], [1, 6], [1, 42], [1, 12], [1, 31], [1, 18], [1, 8], [1, 40], [1, 19], [1, 16], [1, 30], [1, 23], [1, 7], [1, 28], [1, 4], [1, 29], [1, 22], [1, 34], [1, 41], [1, 35], [1, 5], [1, 11], [1, 10]]
Losses: [0.0005846114945597947, 0.0006768000894226134, 0.0006916560232639313, 0.0007371334941126406, 0.0007437338936142623, 0.0007496449979953468, 0.0007657090318389237, 0.0007882803329266608, 0.0007908614934422076, 0.0008140139398165047, 0.0009466484189033508, 0.0009643348166719079, 0.0009811600903049111, 0.0009812993230298162, 0.000985293765552342, 0.0010010086698457599, 0.0010337213752791286, 0.001050274004228413, 0.0011045950232073665, 0.0012540556490421295, 0.0012587298406288028, 0.0012695154873654246, 0.0012878262205049396, 0.001336336019448936, 0.0014108669711276889, 0.0014787595719099045, 0.0017663807375356555, 0.0017905487911775708, 0.0018486236222088337, 0.0019189422018826008, 0.0019749002531170845, 0.002187492558732629, 0.0022130832076072693, 0.0023612743243575096, 0.002896975725889206, 0.002933358773589134, 0.0048208641819655895, 0.005021830555051565, 0.005158068612217903, 0.006215261295437813, 0.009574896655976772, 0.009608251973986626, 0.012164267711341381, 0.013443555682897568, 0.019092310220003128, 0.02374608814716339]
Hyperparameters: [('batch_size', [(32, 5)]), ('criterion', [('MAE', 5)]), ('differencing', [('none', 5)]), ('features', [('occrate_occrate1day_occrate1week_dow_hod_lecture_exam_registered', 5)]), ('frequency', [('5min', 5)]), ('hidden_size', [(array([256]), 3), (array([1024]), 2)]), ('include_x_features', [(True, 5)]), ('info', [('Run 1: LSTM sweep', 5)]), ('lr', [(0.0001, 5)]), ('max_n_updates', [(25000, 5)]), ('model_class', [('simple_lstm', 5)]), ('num_layers', [(3, 1), (4, 4)]), ('occcount', [(False, 5)]), ('weight_decay', [(0, 5)]), ('x_horizon', [(72, 5)]), ('x_size', [(10, 5)]), ('y_features_size', [(9, 5)]), ('y_horizon', [(6, 2), (12, 3)]), ('y_size', [(1, 5)]), ('zero_sample_drop_rate', [(0.05, 3), (0.1, 2)])]
Loss function: RMSE
Combinations: [[1, 14], [1, 13], [1, 27], [1, 38], [1, 15], [1, 25], [1, 3], [1, 44], [1, 33], [1, 26], [1, 45], [1, 36], [1, 39], [1, 2], [1, 32], [1, 24], [1, 1], [1, 20], [1, 0], [1, 17], [1, 9], [1, 21], [1, 6], [1, 43], [1, 37], [1, 42], [1, 12], [1, 8], [1, 31], [1, 30], [1, 40], [1, 18], [1, 23], [1, 19], [1, 16], [1, 7], [1, 29], [1, 4], [1, 22], [1, 28], [1, 5], [1, 34], [1, 41], [1, 35], [1, 10], [1, 11]]
Losses: [0.016278062015771866, 0.018079888075590134, 0.018551968038082123, 0.01870884746313095, 0.01887298747897148, 0.019099729135632515, 0.019512783735990524, 0.020000575110316277, 0.02088838256895542, 0.021036237478256226, 0.02124059945344925, 0.02139819785952568, 0.021636085584759712, 0.02287660352885723, 0.022982053458690643, 0.023532742634415627, 0.02374476194381714, 0.023894084617495537, 0.024170048534870148, 0.025832490995526314, 0.026396289467811584, 0.026643624529242516, 0.026957400143146515, 0.0270074475556612, 0.02752319537103176, 0.02965475805103779, 0.03016793727874756, 0.03133738413453102, 0.03205851837992668, 0.03235789015889168, 0.032500699162483215, 0.032597966492176056, 0.033403437584638596, 0.034168582409620285, 0.035430118441581726, 0.042065080255270004, 0.04852424934506416, 0.04937451705336571, 0.05204461142420769, 0.05272847041487694, 0.07150710374116898, 0.07567711174488068, 0.0786273404955864, 0.08706238120794296, 0.10129523277282715, 0.11068788915872574]
Hyperparameters: [('batch_size', [(32, 5)]), ('criterion', [('MAE', 5)]), ('differencing', [('none', 5)]), ('features', [('occrate_occrate1day_occrate1week_dow_hod_lecture_exam_registered', 5)]), ('frequency', [('5min', 5)]), ('hidden_size', [(array([256]), 3), (array([1024]), 2)]), ('include_x_features', [(True, 5)]), ('info', [('Run 1: LSTM sweep', 5)]), ('lr', [(0.0001, 5)]), ('max_n_updates', [(25000, 5)]), ('model_class', [('simple_lstm', 5)]), ('num_layers', [(3, 1), (4, 4)]), ('occcount', [(False, 5)]), ('weight_decay', [(0, 5)]), ('x_horizon', [(72, 5)]), ('x_size', [(10, 5)]), ('y_features_size', [(9, 5)]), ('y_horizon', [(6, 1), (12, 4)]), ('y_size', [(1, 5)]), ('zero_sample_drop_rate', [(0.05, 3), (0.1, 2)])]
Loss function: R2
Combinations: [[1, 27], [1, 36], [1, 26], [1, 14], [1, 13], [1, 38], [1, 6], [1, 3], [1, 2], [1, 40], [1, 1], [1, 25], [1, 39], [1, 24], [1, 43], [1, 17], [1, 0], [1, 44], [1, 33], [1, 30], [1, 9], [1, 15], [1, 32], [1, 29], [1, 20], [1, 23], [1, 21], [1, 22], [1, 5], [1, 7], [1, 45], [1, 10], [1, 8], [1, 4], [1, 16], [1, 42], [1, 31], [1, 37], [1, 28], [1, 18], [1, 12], [1, 19], [1, 41], [1, 34], [1, 11], [1, 35]]
Losses: [0.6992045640945435, 0.6862132549285889, 0.6740809679031372, 0.620703935623169, 0.619373083114624, 0.5851229429244995, 0.5675278902053833, 0.5531377196311951, 0.5337777733802795, 0.4784867465496063, 0.4767133593559265, 0.4694250226020813, 0.4685420095920563, 0.4563301205635071, 0.420642226934433, 0.4138306677341461, 0.40980222821235657, 0.3716650903224945, 0.31659379601478577, 0.16375567018985748, 0.11657734960317612, 0.06601094454526901, -0.05033094808459282, -0.09558367729187012, -0.12356269359588623, -0.18759290874004364, -0.22944176197052002, -0.9053043723106384, -3.086712121963501, -3.7060775756835938, -5.254662990570068, -5.877867221832275, -9.65053653717041, -12.862227439880371, -14.931711196899414, -15.20107364654541, -16.860759735107422, -17.038591384887695, -21.54733657836914, -23.7467041015625, -32.666866302490234, -37.8707389831543, -65.39464569091797, -79.8453598022461, -110.7558822631836, -137.4924774169922]
Hyperparameters: [('batch_size', [(32, 5)]), ('criterion', [('MAE', 5)]), ('differencing', [('none', 5)]), ('features', [('occrate_occrate1day_occrate1week_dow_hod_lecture_exam_registered', 5)]), ('frequency', [('5min', 5)]), ('hidden_size', [(array([256]), 2), (array([1024]), 3)]), ('include_x_features', [(True, 5)]), ('info', [('Run 1: LSTM sweep', 5)]), ('lr', [(0.0001, 5)]), ('max_n_updates', [(25000, 5)]), ('model_class', [('simple_lstm', 5)]), ('num_layers', [(3, 2), (4, 3)]), ('occcount', [(False, 5)]), ('weight_decay', [(0, 5)]), ('x_horizon', [(72, 5)]), ('x_size', [(10, 5)]), ('y_features_size', [(9, 5)]), ('y_horizon', [(6, 2), (12, 3)]), ('y_size', [(1, 5)]), ('zero_sample_drop_rate', [(0.05, 2), (0.1, 3)])]

#################
Data: val
Run: 2
Time: 2024-09-12 16:44:24
Loss function: MAE
Combinations: [[2, 2], [2, 14], [2, 8], [2, 12], [2, 15], [2, 6], [2, 9], [2, 7], [2, 19], [2, 13], [2, 16], [2, 1], [2, 20], [2, 0], [2, 21], [2, 3], [2, 18], [2, 5], [2, 23], [2, 17], [2, 4], [2, 10], [2, 22], [2, 11]]
Losses: [0.0073055606335401535, 0.0074071260169148445, 0.0075003779493272305, 0.00750232208520174, 0.007613281719386578, 0.007870282046496868, 0.007953312247991562, 0.008024241775274277, 0.00810824241489172, 0.008256735280156136, 0.00827047973871231, 0.00828651525080204, 0.008350043557584286, 0.008492610417306423, 0.008579288609325886, 0.008623149245977402, 0.008901932276785374, 0.008934653364121914, 0.00894630141556263, 0.009142407216131687, 0.010958263650536537, 0.013735316693782806, 0.017707349732518196, 0.0315784253180027]
Hyperparameters: [('batch_size', [(32, 5)]), ('criterion', [('MAE', 5)]), ('differencing', [('none', 5)]), ('features', [('occrate_occrate1day_occrate1week_dow_hod_lecture_exam_registered', 5)]), ('frequency', [('5min', 5)]), ('hidden_size', [(array([1024,  256]), 5)]), ('include_x_features', [(True, 5)]), ('info', [('Run 2: Densenet sweep', 5)]), ('lr', [(1e-05, 3), (0.0001, 2)]), ('max_n_updates', [(25000, 5)]), ('model_class', [('simple_densenet', 5)]), ('num_layers', [(1, 5)]), ('occcount', [(False, 5)]), ('weight_decay', [(0, 5)]), ('x_horizon', [(36, 1), (72, 4)]), ('x_size', [(10, 5)]), ('y_features_size', [(9, 5)]), ('y_horizon', [(6, 1), (12, 4)]), ('y_size', [(1, 5)]), ('zero_sample_drop_rate', [(0.05, 1), (0.1, 4)])]
Loss function: MSE
Combinations: [[2, 12], [2, 14], [2, 19], [2, 2], [2, 7], [2, 8], [2, 15], [2, 13], [2, 9], [2, 6], [2, 23], [2, 1], [2, 0], [2, 20], [2, 5], [2, 21], [2, 17], [2, 16], [2, 3], [2, 18], [2, 4], [2, 10], [2, 22], [2, 11]]
Losses: [0.0005857822834514081, 0.0005998338456265628, 0.0005998794222250581, 0.0006040288135409355, 0.0006096826982684433, 0.0006096915458329022, 0.0006097941077314317, 0.0006207336555235088, 0.0006381261046044528, 0.000644463172648102, 0.0006607004324905574, 0.0006644083186984062, 0.0006896744598634541, 0.0006978837191127241, 0.0007031699060462415, 0.0007053958252072334, 0.0007057301700115204, 0.0007064621313475072, 0.0007086856639944017, 0.0007331251981668174, 0.001049226731993258, 0.0017514053033664823, 0.0024273486342281103, 0.01756216771900654]
Hyperparameters: [('batch_size', [(32, 5)]), ('criterion', [('MAE', 5)]), ('differencing', [('none', 5)]), ('features', [('occrate_occrate1day_occrate1week_dow_hod_lecture_exam_registered', 5)]), ('frequency', [('5min', 5)]), ('hidden_size', [(array([1024,  256]), 5)]), ('include_x_features', [(True, 5)]), ('info', [('Run 2: Densenet sweep', 5)]), ('lr', [(1e-05, 3), (0.0001, 2)]), ('max_n_updates', [(25000, 5)]), ('model_class', [('simple_densenet', 5)]), ('num_layers', [(1, 5)]), ('occcount', [(False, 5)]), ('weight_decay', [(0, 5)]), ('x_horizon', [(36, 2), (72, 3)]), ('x_size', [(10, 5)]), ('y_features_size', [(9, 5)]), ('y_horizon', [(6, 3), (12, 2)]), ('y_size', [(1, 5)]), ('zero_sample_drop_rate', [(0.05, 2), (0.1, 3)])]
Loss function: RMSE
Combinations: [[2, 2], [2, 8], [2, 14], [2, 12], [2, 19], [2, 9], [2, 7], [2, 6], [2, 1], [2, 15], [2, 13], [2, 0], [2, 3], [2, 5], [2, 23], [2, 20], [2, 21], [2, 16], [2, 18], [2, 17], [2, 4], [2, 10], [2, 22], [2, 11]]
Losses: [0.015731897205114365, 0.01628175936639309, 0.01665101759135723, 0.016717083752155304, 0.016970766708254814, 0.016989873722195625, 0.017032941803336143, 0.017034241929650307, 0.017106397077441216, 0.01712780073285103, 0.017531801015138626, 0.017690839245915413, 0.017967192456126213, 0.01807665079832077, 0.018085287883877754, 0.018368786200881004, 0.01860125921666622, 0.018769346177577972, 0.018932105973362923, 0.019466135650873184, 0.024028677493333817, 0.029297171160578728, 0.036009591072797775, 0.05202053114771843]
Hyperparameters: [('batch_size', [(32, 5)]), ('criterion', [('MAE', 5)]), ('differencing', [('none', 5)]), ('features', [('occrate_occrate1day_occrate1week_dow_hod_lecture_exam_registered', 5)]), ('frequency', [('5min', 5)]), ('hidden_size', [(array([1024,  256]), 5)]), ('include_x_features', [(True, 5)]), ('info', [('Run 2: Densenet sweep', 5)]), ('lr', [(1e-05, 3), (0.0001, 2)]), ('max_n_updates', [(25000, 5)]), ('model_class', [('simple_densenet', 5)]), ('num_layers', [(1, 5)]), ('occcount', [(False, 5)]), ('weight_decay', [(0, 5)]), ('x_horizon', [(36, 2), (72, 3)]), ('x_size', [(10, 5)]), ('y_features_size', [(9, 5)]), ('y_horizon', [(6, 2), (12, 3)]), ('y_size', [(1, 5)]), ('zero_sample_drop_rate', [(0.05, 1), (0.1, 4)])]
Loss function: R2
Combinations: [[2, 8], [2, 9], [2, 3], [2, 2], [2, 14], [2, 5], [2, 20], [2, 21], [2, 19], [2, 12], [2, 10], [2, 0], [2, 6], [2, 18], [2, 7], [2, 1], [2, 16], [2, 23], [2, 15], [2, 13], [2, 17], [2, 22], [2, 4], [2, 11]]
Losses: [0.7450594902038574, 0.7310175895690918, 0.7037367224693298, 0.7029876112937927, 0.6481599807739258, 0.6446567177772522, 0.618931233882904, 0.6040516495704651, 0.5796697735786438, 0.5785717368125916, 0.5708406567573547, 0.5701768398284912, 0.5562060475349426, 0.5398961901664734, 0.5135233998298645, 0.4613291025161743, 0.4342341125011444, 0.3972749412059784, 0.2850693464279175, 0.28227460384368896, -0.0283158291131258, -0.25364363193511963, -2.4430277347564697, -9.285500526428223]
Hyperparameters: [('batch_size', [(32, 5)]), ('criterion', [('MAE', 5)]), ('differencing', [('none', 5)]), ('features', [('occrate_occrate1day_occrate1week_dow_hod_lecture_exam_registered', 5)]), ('frequency', [('5min', 5)]), ('hidden_size', [(array([1024,  256]), 5)]), ('include_x_features', [(True, 5)]), ('info', [('Run 2: Densenet sweep', 5)]), ('lr', [(1e-05, 1), (0.0001, 4)]), ('max_n_updates', [(25000, 5)]), ('model_class', [('simple_densenet', 5)]), ('num_layers', [(1, 5)]), ('occcount', [(False, 5)]), ('weight_decay', [(0, 5)]), ('x_horizon', [(36, 2), (72, 3)]), ('x_size', [(10, 5)]), ('y_features_size', [(9, 5)]), ('y_horizon', [(12, 5)]), ('y_size', [(1, 5)]), ('zero_sample_drop_rate', [(0.05, 2), (0.1, 3)])]

#################
Data: val
Run: 3
Time: 2024-09-12 16:44:29
Loss function: MAE
Combinations: [[3, 3], [3, 0], [3, 10], [3, 5], [3, 1], [3, 11], [3, 4], [3, 2], [3, 6], [3, 7], [3, 8], [3, 9]]
Losses: [0.007122218608856201, 0.007147763390094042, 0.007326788268983364, 0.007367028389126062, 0.007399618159979582, 0.007409597281366587, 0.007461372297257185, 0.007590204477310181, 0.007990862242877483, 0.008133449591696262, 0.008179204538464546, 0.020839449018239975]
Hyperparameters: [('batch_size', [(32, 5)]), ('criterion', [('MAE', 5)]), ('differencing', [('none', 5)]), ('features', [('occrate_occrate1day_occrate1week_dow_hod_holiday_zwickltag_lecture_lectureramp_exam_registered_type', 2), ('occrate_occrate1day_occrate1week_dow_hod_lecture_exam_registered', 2), ('occrate_occrate1day_occrate1week_dow_hod_lecture_lectureramp_exam_registered_type', 1)]), ('frequency', [('5min', 5)]), ('hidden_size', [(array([1024,  256]), 5)]), ('include_x_features', [(True, 5)]), ('info', [('Run 3: Densenet sweep 2.0', 5)]), ('lr', [(0.0001, 5)]), ('max_n_updates', [(25000, 5)]), ('model_class', [('simple_densenet', 5)]), ('num_layers', [(1, 5)]), ('occcount', [(False, 5)]), ('weight_decay', [(0, 5)]), ('x_horizon', [(72, 4), (96, 1)]), ('x_size', [(10, 2), (20, 1), (22, 2)]), ('y_features_size', [(9, 2), (19, 1), (21, 2)]), ('y_horizon', [(24, 2), (36, 3)]), ('y_size', [(1, 5)]), ('zero_sample_drop_rate', [(0.1, 5)])]
Loss function: MSE
Combinations: [[3, 5], [3, 3], [3, 4], [3, 10], [3, 0], [3, 11], [3, 1], [3, 2], [3, 8], [3, 6], [3, 7], [3, 9]]
Losses: [0.0006000330904498696, 0.0006040357402525842, 0.0006104541826061904, 0.0006110059912316501, 0.0006227019475772977, 0.0006325817666947842, 0.0006331423064693809, 0.0006400040001608431, 0.0006758790113963187, 0.0006861394504085183, 0.0006975126452744007, 0.003150728764012456]
Hyperparameters: [('batch_size', [(32, 5)]), ('criterion', [('MAE', 5)]), ('differencing', [('none', 5)]), ('features', [('occrate_occrate1day_occrate1week_dow_hod_holiday_zwickltag_lecture_lectureramp_exam_registered_type', 2), ('occrate_occrate1day_occrate1week_dow_hod_lecture_exam_registered', 2), ('occrate_occrate1day_occrate1week_dow_hod_lecture_lectureramp_exam_registered_type', 1)]), ('frequency', [('5min', 5)]), ('hidden_size', [(array([1024,  256]), 5)]), ('include_x_features', [(True, 5)]), ('info', [('Run 3: Densenet sweep 2.0', 5)]), ('lr', [(0.0001, 5)]), ('max_n_updates', [(25000, 5)]), ('model_class', [('simple_densenet', 5)]), ('num_layers', [(1, 5)]), ('occcount', [(False, 5)]), ('weight_decay', [(0, 5)]), ('x_horizon', [(72, 4), (96, 1)]), ('x_size', [(10, 2), (20, 1), (22, 2)]), ('y_features_size', [(9, 2), (19, 1), (21, 2)]), ('y_horizon', [(24, 1), (36, 4)]), ('y_size', [(1, 5)]), ('zero_sample_drop_rate', [(0.1, 5)])]
Loss function: RMSE
Combinations: [[3, 0], [3, 3], [3, 5], [3, 10], [3, 1], [3, 2], [3, 4], [3, 11], [3, 6], [3, 8], [3, 7], [3, 9]]
Losses: [0.01609744504094124, 0.016184698790311813, 0.016351766884326935, 0.016454247757792473, 0.016509374603629112, 0.01657315343618393, 0.01679285243153572, 0.01687723584473133, 0.017419658601284027, 0.017614522948861122, 0.017841074615716934, 0.04166880622506142]
Hyperparameters: [('batch_size', [(32, 5)]), ('criterion', [('MAE', 5)]), ('differencing', [('none', 5)]), ('features', [('occrate_occrate1day_occrate1week_dow_hod_holiday_zwickltag_lecture_lectureramp_exam_registered_type', 2), ('occrate_occrate1day_occrate1week_dow_hod_lecture_exam_registered', 2), ('occrate_occrate1day_occrate1week_dow_hod_lecture_lectureramp_exam_registered_type', 1)]), ('frequency', [('5min', 5)]), ('hidden_size', [(array([1024,  256]), 5)]), ('include_x_features', [(True, 5)]), ('info', [('Run 3: Densenet sweep 2.0', 5)]), ('lr', [(0.0001, 5)]), ('max_n_updates', [(25000, 5)]), ('model_class', [('simple_densenet', 5)]), ('num_layers', [(1, 5)]), ('occcount', [(False, 5)]), ('weight_decay', [(0, 5)]), ('x_horizon', [(72, 4), (96, 1)]), ('x_size', [(10, 2), (20, 1), (22, 2)]), ('y_features_size', [(9, 2), (19, 1), (21, 2)]), ('y_horizon', [(24, 2), (36, 3)]), ('y_size', [(1, 5)]), ('zero_sample_drop_rate', [(0.1, 5)])]
Loss function: R2
Combinations: [[3, 0], [3, 6], [3, 8], [3, 7], [3, 1], [3, 2], [3, 11], [3, 10], [3, 5], [3, 9], [3, 4], [3, 3]]
Losses: [0.774336576461792, 0.7595813870429993, 0.7579903602600098, 0.7478445768356323, 0.7245482802391052, 0.6991726160049438, 0.6481581330299377, 0.5564912557601929, 0.2286096066236496, 0.15397584438323975, 0.048894163221120834, -0.07750017940998077]
Hyperparameters: [('batch_size', [(32, 5)]), ('criterion', [('MAE', 5)]), ('differencing', [('none', 5)]), ('features', [('occrate_occrate1day_occrate1week_dow_hod_holiday_zwickltag_lecture_lectureramp_exam_registered_type', 2), ('occrate_occrate1day_occrate1week_dow_hod_lecture_exam_registered', 2), ('occrate_occrate1day_occrate1week_dow_hod_lecture_lectureramp_exam_registered_type', 1)]), ('frequency', [('5min', 5)]), ('hidden_size', [(array([1024,  256]), 5)]), ('include_x_features', [(True, 5)]), ('info', [('Run 3: Densenet sweep 2.0', 5)]), ('lr', [(0.0001, 5)]), ('max_n_updates', [(25000, 5)]), ('model_class', [('simple_densenet', 5)]), ('num_layers', [(1, 5)]), ('occcount', [(False, 5)]), ('weight_decay', [(0, 5)]), ('x_horizon', [(72, 2), (96, 3)]), ('x_size', [(10, 2), (20, 1), (22, 2)]), ('y_features_size', [(9, 2), (19, 1), (21, 2)]), ('y_horizon', [(24, 5)]), ('y_size', [(1, 5)]), ('zero_sample_drop_rate', [(0.1, 5)])]

#################
Data: val
Run: 4
Time: 2024-09-12 16:45:55
Loss function: MAE
Combinations: [[4, 20], [4, 28], [4, 8], [4, 26], [4, 14], [4, 2], [4, 22], [4, 18], [4, 16], [4, 32], [4, 4], [4, 36], [4, 12], [4, 30], [4, 24], [4, 38], [4, 34], [4, 6], [4, 10], [4, 0], [4, 31], [4, 29], [4, 35], [4, 33], [4, 25], [4, 11], [4, 27], [4, 19], [4, 7], [4, 37], [4, 5], [4, 1], [4, 3], [4, 9], [4, 15], [4, 39], [4, 21], [4, 23], [4, 13], [4, 17]]
Losses: [0.008208143524825573, 0.008280801586806774, 0.008302522823214531, 0.008445418439805508, 0.008504079654812813, 0.0085391690954566, 0.008569051511585712, 0.00866557378321886, 0.008699287660419941, 0.00880272313952446, 0.008944635279476643, 0.008993321098387241, 0.009031413123011589, 0.009203263558447361, 0.009284157305955887, 0.009294095449149609, 0.009540252387523651, 0.009547359310090542, 0.009581171907484531, 0.010009326040744781, 0.014648675918579102, 0.015231871046125889, 0.016413936391472816, 0.0167072843760252, 0.01744706928730011, 0.018734095618128777, 0.018736060708761215, 0.019134333357214928, 0.0192547794431448, 0.01952754706144333, 0.019623398780822754, 0.01975545845925808, 0.01983676850795746, 0.019856898114085197, 0.020214268937706947, 0.020390519872307777, 0.02057471126317978, 0.02076226845383644, 0.020763874053955078, 0.020789096131920815]
Hyperparameters: [('batch_size', [(32, 5)]), ('criterion', [('MAE', 5)]), ('differencing', [('none', 5)]), ('features', [('occrate_occrate1day_occrate1week_dow_hod_holiday_zwickltag_lecture_lectureramp_exam_registered_type', 4), ('occrate_occrate1day_occrate1week_dow_hod_lecture_lectureramp_exam_registered_type', 1)]), ('forget_gate', [(True, 5)]), ('frequency', [('5min', 5)]), ('hidden_size', [(array([128]), 3), (array([256]), 2)]), ('include_x_features', [(True, 5)]), ('info', [('Run 4: LSTM sweep 2.0', 5)]), ('lr', [(0.0001, 5)]), ('max_n_updates', [(25000, 5)]), ('model_class', [('simple_lstm', 5)]), ('num_layers', [(3, 5)]), ('occcount', [(False, 5)]), ('weight_decay', [(0, 5)]), ('x_horizon', [(72, 3), (96, 2)]), ('x_size', [(20, 1), (22, 4)]), ('y_features_size', [(19, 1), (21, 4)]), ('y_horizon', [(24, 3), (36, 2)]), ('y_size', [(1, 5)]), ('zero_sample_drop_rate', [(0.1, 5)])]
Loss function: MSE
Combinations: [[4, 2], [4, 28], [4, 8], [4, 26], [4, 20], [4, 22], [4, 18], [4, 4], [4, 14], [4, 32], [4, 16], [4, 36], [4, 12], [4, 30], [4, 24], [4, 34], [4, 38], [4, 10], [4, 6], [4, 0], [4, 31], [4, 29], [4, 35], [4, 33], [4, 25], [4, 11], [4, 19], [4, 27], [4, 37], [4, 7], [4, 5], [4, 3], [4, 15], [4, 1], [4, 9], [4, 39], [4, 21], [4, 13], [4, 23], [4, 17]]
Losses: [0.0006353675853461027, 0.0006391346105374396, 0.0006551407277584076, 0.000661318248603493, 0.0006628769333474338, 0.0006938445731066167, 0.0007025104714557528, 0.0007069532293826342, 0.0007075085886754096, 0.000711605534888804, 0.0007355266134254634, 0.0007467437535524368, 0.0007577560609206557, 0.0007583165424875915, 0.0007895346498116851, 0.0007915865862742066, 0.000814296305179596, 0.0008289343095384538, 0.00084947474533692, 0.0009581844788044691, 0.0017674464033916593, 0.0018740332452580333, 0.002135448157787323, 0.0021825716830790043, 0.00236236653290689, 0.0026182762812823057, 0.0026978093665093184, 0.0027133035473525524, 0.002803770126774907, 0.0028049559332430363, 0.0028921158518642187, 0.0029010639991611242, 0.0029401318170130253, 0.0029488056898117065, 0.0029527954757213593, 0.0030047993641346693, 0.0030339863151311874, 0.0031025062780827284, 0.0031060862820595503, 0.003110153367742896]
Hyperparameters: [('batch_size', [(32, 5)]), ('criterion', [('MAE', 5)]), ('differencing', [('none', 5)]), ('features', [('occrate_occrate1day_occrate1week_dow_hod_holiday_zwickltag_lecture_lectureramp_exam_registered_type', 4), ('occrate_occrate1day_occrate1week_dow_hod_lecture_lectureramp_exam_registered_type', 1)]), ('forget_gate', [(True, 5)]), ('frequency', [('5min', 5)]), ('hidden_size', [(array([128]), 3), (array([256]), 2)]), ('include_x_features', [(True, 5)]), ('info', [('Run 4: LSTM sweep 2.0', 5)]), ('lr', [(0.0001, 5)]), ('max_n_updates', [(25000, 5)]), ('model_class', [('simple_lstm', 5)]), ('num_layers', [(3, 5)]), ('occcount', [(False, 5)]), ('weight_decay', [(0, 5)]), ('x_horizon', [(72, 4), (96, 1)]), ('x_size', [(20, 1), (22, 4)]), ('y_features_size', [(19, 1), (21, 4)]), ('y_horizon', [(24, 3), (36, 2)]), ('y_size', [(1, 5)]), ('zero_sample_drop_rate', [(0.1, 5)])]
Loss function: RMSE
Combinations: [[4, 26], [4, 28], [4, 8], [4, 2], [4, 20], [4, 22], [4, 14], [4, 18], [4, 16], [4, 4], [4, 12], [4, 32], [4, 30], [4, 36], [4, 38], [4, 24], [4, 34], [4, 10], [4, 6], [4, 0], [4, 31], [4, 29], [4, 35], [4, 33], [4, 25], [4, 11], [4, 27], [4, 19], [4, 7], [4, 5], [4, 3], [4, 37], [4, 1], [4, 9], [4, 15], [4, 39], [4, 21], [4, 13], [4, 23], [4, 17]]
Losses: [0.01701100915670395, 0.017013773322105408, 0.01703658141195774, 0.017070692032575607, 0.017248831689357758, 0.017480215057730675, 0.017559407278895378, 0.01772085763514042, 0.01809145137667656, 0.01837552711367607, 0.01857990212738514, 0.018637435510754585, 0.018938854336738586, 0.018978949636220932, 0.01898527890443802, 0.019284503534436226, 0.019755549728870392, 0.020201152190566063, 0.020426062867045403, 0.02090664952993393, 0.03017907589673996, 0.03144463524222374, 0.03317011147737503, 0.033552948385477066, 0.03516105189919472, 0.037356361746788025, 0.03746691718697548, 0.03759213164448738, 0.03841341286897659, 0.03899356350302696, 0.03901784121990204, 0.039130937308073044, 0.03941113129258156, 0.039425041526556015, 0.04050735756754875, 0.04057401791214943, 0.04082276672124863, 0.04135943204164505, 0.041376806795597076, 0.04140844568610191]
Hyperparameters: [('batch_size', [(32, 5)]), ('criterion', [('MAE', 5)]), ('differencing', [('none', 5)]), ('features', [('occrate_occrate1day_occrate1week_dow_hod_holiday_zwickltag_lecture_lectureramp_exam_registered_type', 4), ('occrate_occrate1day_occrate1week_dow_hod_lecture_lectureramp_exam_registered_type', 1)]), ('forget_gate', [(True, 5)]), ('frequency', [('5min', 5)]), ('hidden_size', [(array([128]), 3), (array([256]), 2)]), ('include_x_features', [(True, 5)]), ('info', [('Run 4: LSTM sweep 2.0', 5)]), ('lr', [(0.0001, 5)]), ('max_n_updates', [(25000, 5)]), ('model_class', [('simple_lstm', 5)]), ('num_layers', [(3, 5)]), ('occcount', [(False, 5)]), ('weight_decay', [(0, 5)]), ('x_horizon', [(72, 4), (96, 1)]), ('x_size', [(20, 1), (22, 4)]), ('y_features_size', [(19, 1), (21, 4)]), ('y_horizon', [(24, 3), (36, 2)]), ('y_size', [(1, 5)]), ('zero_sample_drop_rate', [(0.1, 5)])]
Loss function: R2
Combinations: [[4, 24], [4, 18], [4, 20], [4, 12], [4, 16], [4, 22], [4, 14], [4, 28], [4, 0], [4, 38], [4, 26], [4, 36], [4, 8], [4, 4], [4, 32], [4, 2], [4, 30], [4, 10], [4, 29], [4, 31], [4, 35], [4, 25], [4, 34], [4, 33], [4, 19], [4, 11], [4, 7], [4, 37], [4, 27], [4, 3], [4, 1], [4, 9], [4, 39], [4, 15], [4, 21], [4, 5], [4, 13], [4, 23], [4, 17], [4, 6]]
Losses: [0.724272608757019, 0.715840220451355, 0.7065070271492004, 0.7040216326713562, 0.698009192943573, 0.6915299892425537, 0.6785256266593933, 0.6755194067955017, 0.671843409538269, 0.6664443016052246, 0.6559272408485413, 0.6537360548973083, 0.6412426829338074, 0.6383374929428101, 0.6234118342399597, 0.607735276222229, 0.60746830701828, 0.4959302246570587, 0.439907431602478, 0.4329684376716614, 0.3931751251220703, 0.33339738845825195, 0.3078785240650177, 0.30200448632240295, 0.27156123518943787, 0.25918152928352356, 0.23721513152122498, 0.23244263231754303, 0.2198074907064438, 0.20882636308670044, 0.19529981911182404, 0.19433480501174927, 0.18329131603240967, 0.17760397493839264, 0.17139390110969543, 0.16613483428955078, 0.15955345332622528, 0.15284483134746552, 0.1517278403043747, 0.11565496772527695]
Hyperparameters: [('batch_size', [(32, 5)]), ('criterion', [('MAE', 5)]), ('differencing', [('none', 5)]), ('features', [('occrate_occrate1day_occrate1week_dow_hod_holiday_zwickltag_lecture_lectureramp_exam_registered_type', 1), ('occrate_occrate1day_occrate1week_dow_hod_lecture_exam_registered', 3), ('occrate_occrate1day_occrate1week_dow_hod_lecture_lectureramp_exam_registered_type', 1)]), ('forget_gate', [(True, 5)]), ('frequency', [('5min', 5)]), ('hidden_size', [(array([128]), 4), (array([256]), 1)]), ('include_x_features', [(True, 5)]), ('info', [('Run 4: LSTM sweep 2.0', 5)]), ('lr', [(0.0001, 5)]), ('max_n_updates', [(25000, 5)]), ('model_class', [('simple_lstm', 5)]), ('num_layers', [(3, 5)]), ('occcount', [(False, 5)]), ('weight_decay', [(0, 5)]), ('x_horizon', [(72, 1), (96, 4)]), ('x_size', [(10, 3), (20, 1), (22, 1)]), ('y_features_size', [(9, 3), (19, 1), (21, 1)]), ('y_horizon', [(24, 3), (36, 2)]), ('y_size', [(1, 5)]), ('zero_sample_drop_rate', [(0.1, 5)])]




#################
Data: train
Run: 1
Time: 2024-09-12 16:58:38
Loss function: MAE
Combinations: [[1, 14], [1, 15], [1, 26], [1, 38], [1, 45], [1, 27], [1, 44], [1, 25], [1, 33], [1, 32], [1, 39], [1, 13], [1, 3], [1, 36], [1, 20], [1, 2], [1, 37], [1, 24], [1, 1], [1, 12], [1, 21], [1, 0], [1, 30], [1, 31], [1, 9], [1, 17], [1, 6], [1, 42], [1, 43], [1, 18], [1, 40], [1, 8], [1, 16], [1, 19], [1, 7], [1, 23], [1, 4], [1, 22], [1, 28], [1, 29], [1, 34], [1, 35], [1, 5], [1, 41], [1, 11], [1, 10]]
Losses: [0.00738190021365881, 0.00818673986941576, 0.008923433721065521, 0.009016692638397217, 0.009634166955947876, 0.00968496035784483, 0.009695992805063725, 0.010335507802665234, 0.010398236103355885, 0.010911672376096249, 0.011019892059266567, 0.011832686141133308, 0.011894899420440197, 0.011995646171271801, 0.012667126953601837, 0.012714079581201077, 0.01273789256811142, 0.01278849970549345, 0.013567592948675156, 0.013941981829702854, 0.014754027128219604, 0.015569527633488178, 0.015610374510288239, 0.015671931207180023, 0.01588953100144863, 0.016507035121321678, 0.016533154994249344, 0.016706157475709915, 0.016848456114530563, 0.017941737547516823, 0.019103899598121643, 0.019437575712800026, 0.019731750711798668, 0.020002180710434914, 0.02409578301012516, 0.0280819833278656, 0.02880551852285862, 0.03176745027303696, 0.03334273025393486, 0.037005651742219925, 0.045661598443984985, 0.0511295311152935, 0.05159439146518707, 0.05268403887748718, 0.06866498291492462, 0.06890121847391129]
Hyperparameters: [('batch_size', [(32, 5)]), ('criterion', [('MAE', 5)]), ('differencing', [('none', 5)]), ('features', [('occrate_occrate1day_occrate1week_dow_hod_lecture_exam_registered', 5)]), ('frequency', [('5min', 5)]), ('hidden_size', [(array([256]), 2), (array([1024]), 3)]), ('include_x_features', [(True, 5)]), ('info', [('Run 1: LSTM sweep', 5)]), ('lr', [(0.0001, 5)]), ('max_n_updates', [(25000, 5)]), ('model_class', [('simple_lstm', 5)]), ('num_layers', [(3, 1), (4, 4)]), ('occcount', [(False, 5)]), ('weight_decay', [(0, 5)]), ('x_horizon', [(36, 1), (72, 4)]), ('x_size', [(10, 5)]), ('y_features_size', [(9, 5)]), ('y_horizon', [(12, 5)]), ('y_size', [(1, 5)]), ('zero_sample_drop_rate', [(0.05, 2), (0.1, 3)])]
Loss function: MSE
Combinations: [[1, 14], [1, 15], [1, 38], [1, 26], [1, 44], [1, 25], [1, 33], [1, 45], [1, 27], [1, 3], [1, 32], [1, 36], [1, 39], [1, 13], [1, 24], [1, 20], [1, 1], [1, 2], [1, 21], [1, 12], [1, 37], [1, 9], [1, 31], [1, 0], [1, 17], [1, 43], [1, 30], [1, 6], [1, 42], [1, 18], [1, 40], [1, 19], [1, 8], [1, 7], [1, 16], [1, 28], [1, 4], [1, 22], [1, 23], [1, 29], [1, 41], [1, 34], [1, 35], [1, 5], [1, 11], [1, 10]]
Losses: [0.0007359606097452343, 0.0008556040702387691, 0.0008846045820973814, 0.0009037961135618389, 0.0009617740870453417, 0.0010127364657819271, 0.0010355751728639007, 0.0010695878881961107, 0.0010981479426845908, 0.0012490340741351247, 0.001259267213754356, 0.001264643156901002, 0.001300370437093079, 0.00136710109654814, 0.001443017739802599, 0.0014569824561476707, 0.0015265942784026265, 0.0015336035285145044, 0.0016446966910734773, 0.0017220047302544117, 0.0018673205049708486, 0.002067196648567915, 0.002069824608042836, 0.002080261707305908, 0.002261910354718566, 0.0022963671945035458, 0.0023102834820747375, 0.0023672303650528193, 0.0023786562960594893, 0.0025937664322555065, 0.0026783125940710306, 0.0028803374152630568, 0.002920112805441022, 0.003370916470885277, 0.003533710027113557, 0.005545256193727255, 0.005897384136915207, 0.007017466239631176, 0.007085210178047419, 0.008061381056904793, 0.011174488812685013, 0.01166080217808485, 0.012872111983597279, 0.018328707665205002, 0.02109540067613125, 0.030096260830760002]
Hyperparameters: [('batch_size', [(32, 5)]), ('criterion', [('MAE', 5)]), ('differencing', [('none', 5)]), ('features', [('occrate_occrate1day_occrate1week_dow_hod_lecture_exam_registered', 5)]), ('frequency', [('5min', 5)]), ('hidden_size', [(array([256]), 2), (array([1024]), 3)]), ('include_x_features', [(True, 5)]), ('info', [('Run 1: LSTM sweep', 5)]), ('lr', [(0.0001, 5)]), ('max_n_updates', [(25000, 5)]), ('model_class', [('simple_lstm', 5)]), ('num_layers', [(3, 1), (4, 4)]), ('occcount', [(False, 5)]), ('weight_decay', [(0, 5)]), ('x_horizon', [(36, 1), (72, 4)]), ('x_size', [(10, 5)]), ('y_features_size', [(9, 5)]), ('y_horizon', [(12, 5)]), ('y_size', [(1, 5)]), ('zero_sample_drop_rate', [(0.05, 1), (0.1, 4)])]
Loss function: RMSE
Combinations: [[1, 14], [1, 15], [1, 38], [1, 26], [1, 44], [1, 45], [1, 25], [1, 33], [1, 27], [1, 32], [1, 36], [1, 39], [1, 13], [1, 3], [1, 24], [1, 20], [1, 1], [1, 2], [1, 12], [1, 37], [1, 21], [1, 0], [1, 30], [1, 31], [1, 43], [1, 9], [1, 17], [1, 6], [1, 42], [1, 18], [1, 40], [1, 19], [1, 8], [1, 16], [1, 7], [1, 4], [1, 23], [1, 28], [1, 22], [1, 29], [1, 34], [1, 41], [1, 35], [1, 5], [1, 11], [1, 10]]
Losses: [0.01816624402999878, 0.019997553899884224, 0.020851172506809235, 0.02126477286219597, 0.022222863510251045, 0.02237430214881897, 0.02256947010755539, 0.022992657497525215, 0.02301173284649849, 0.02471238002181053, 0.025266876444220543, 0.025738785043358803, 0.026033198460936546, 0.026315273717045784, 0.02708989754319191, 0.028007229790091515, 0.028103599324822426, 0.028337832540273666, 0.029609588906168938, 0.030219528824090958, 0.031025776639580727, 0.033287160098552704, 0.03347077593207359, 0.034154195338487625, 0.03422219678759575, 0.03423426300287247, 0.03489472717046738, 0.03507905453443527, 0.03631279990077019, 0.037213027477264404, 0.03831428289413452, 0.03979311138391495, 0.040458325296640396, 0.04140864685177803, 0.04599063843488693, 0.05232970416545868, 0.052401017397642136, 0.05784200504422188, 0.05980668589472771, 0.06813918799161911, 0.08499319851398468, 0.0862070843577385, 0.09044114500284195, 0.09457529336214066, 0.11649125814437866, 0.1251685470342636]
Hyperparameters: [('batch_size', [(32, 5)]), ('criterion', [('MAE', 5)]), ('differencing', [('none', 5)]), ('features', [('occrate_occrate1day_occrate1week_dow_hod_lecture_exam_registered', 5)]), ('frequency', [('5min', 5)]), ('hidden_size', [(array([256]), 2), (array([1024]), 3)]), ('include_x_features', [(True, 5)]), ('info', [('Run 1: LSTM sweep', 5)]), ('lr', [(0.0001, 5)]), ('max_n_updates', [(25000, 5)]), ('model_class', [('simple_lstm', 5)]), ('num_layers', [(3, 1), (4, 4)]), ('occcount', [(False, 5)]), ('weight_decay', [(0, 5)]), ('x_horizon', [(36, 1), (72, 4)]), ('x_size', [(10, 5)]), ('y_features_size', [(9, 5)]), ('y_horizon', [(12, 5)]), ('y_size', [(1, 5)]), ('zero_sample_drop_rate', [(0.05, 1), (0.1, 4)])]
Loss function: R2
Combinations: [[1, 26], [1, 27], [1, 36], [1, 24], [1, 13], [1, 6], [1, 40], [1, 14], [1, 38], [1, 1], [1, 2], [1, 39], [1, 3], [1, 30], [1, 17], [1, 33], [1, 25], [1, 43], [1, 0], [1, 22], [1, 29], [1, 23], [1, 15], [1, 5], [1, 44], [1, 10], [1, 32], [1, 20], [1, 9], [1, 7], [1, 45], [1, 8], [1, 4], [1, 16], [1, 42], [1, 37], [1, 31], [1, 21], [1, 18], [1, 28], [1, 12], [1, 19], [1, 41], [1, 34], [1, 11], [1, 35]]
Losses: [0.7816430330276489, 0.7528039216995239, 0.7214690446853638, 0.6356237530708313, 0.5928629636764526, 0.5746932029724121, 0.5195983648300171, 0.049238793551921844, -0.04372496157884598, -0.06738239526748657, -0.07223177701234818, -0.09524938464164734, -0.0990418866276741, -0.30424466729164124, -0.43676647543907166, -0.5634540915489197, -0.6952939033508301, -0.7080392241477966, -0.7411057949066162, -1.1075350046157837, -1.2891860008239746, -1.68137526512146, -2.2146873474121094, -2.801710605621338, -3.021604061126709, -7.002130031585693, -7.665823936462402, -10.379591941833496, -12.307414054870605, -21.913209915161133, -33.79190444946289, -59.347686767578125, -64.12923431396484, -92.68618774414062, -95.3022689819336, -99.95181274414062, -100.4414291381836, -115.34752655029297, -144.0520782470703, -162.114013671875, -187.31753540039062, -211.23336791992188, -341.4311218261719, -405.3659362792969, -595.0634155273438, -721.9054565429688]
Hyperparameters: [('batch_size', [(32, 5)]), ('criterion', [('MAE', 5)]), ('differencing', [('none', 5)]), ('features', [('occrate_occrate1day_occrate1week_dow_hod_lecture_exam_registered', 5)]), ('frequency', [('5min', 5)]), ('hidden_size', [(array([256]), 1), (array([1024]), 4)]), ('include_x_features', [(True, 5)]), ('info', [('Run 1: LSTM sweep', 5)]), ('lr', [(0.0001, 5)]), ('max_n_updates', [(25000, 5)]), ('model_class', [('simple_lstm', 5)]), ('num_layers', [(3, 3), (4, 2)]), ('occcount', [(False, 5)]), ('weight_decay', [(0, 5)]), ('x_horizon', [(72, 5)]), ('x_size', [(10, 5)]), ('y_features_size', [(9, 5)]), ('y_horizon', [(6, 3), (12, 2)]), ('y_size', [(1, 5)]), ('zero_sample_drop_rate', [(0.05, 2), (0.1, 3)])]

#################
Data: train
Run: 2
Time: 2024-09-12 17:00:08
Loss function: MAE
Combinations: [[2, 2], [2, 3], [2, 1], [2, 0], [2, 8], [2, 5], [2, 9], [2, 14], [2, 6], [2, 12], [2, 15], [2, 13], [2, 4], [2, 16], [2, 21], [2, 20], [2, 17], [2, 18], [2, 19], [2, 23], [2, 7], [2, 10], [2, 22], [2, 11]]
Losses: [0.0064254640601575375, 0.006901173386722803, 0.0072930543683469296, 0.007458305452018976, 0.00808000285178423, 0.008390811271965504, 0.008507839404046535, 0.009196260012686253, 0.00925484299659729, 0.00941188633441925, 0.009471530094742775, 0.00994893442839384, 0.009965181350708008, 0.011002063751220703, 0.011064015328884125, 0.011069177649915218, 0.01116086170077324, 0.011709378100931644, 0.011818857863545418, 0.012719407677650452, 0.012952844612300396, 0.019528355449438095, 0.02373651973903179, 0.034217510372400284]
Hyperparameters: [('batch_size', [(32, 5)]), ('criterion', [('MAE', 5)]), ('differencing', [('none', 5)]), ('features', [('occrate_occrate1day_occrate1week_dow_hod_lecture_exam_registered', 5)]), ('frequency', [('5min', 5)]), ('hidden_size', [(array([1024,  256]), 5)]), ('include_x_features', [(True, 5)]), ('info', [('Run 2: Densenet sweep', 5)]), ('lr', [(0.0001, 5)]), ('max_n_updates', [(25000, 5)]), ('model_class', [('simple_densenet', 5)]), ('num_layers', [(1, 5)]), ('occcount', [(False, 5)]), ('weight_decay', [(0, 5)]), ('x_horizon', [(36, 1), (72, 4)]), ('x_size', [(10, 5)]), ('y_features_size', [(9, 5)]), ('y_horizon', [(6, 2), (12, 3)]), ('y_size', [(1, 5)]), ('zero_sample_drop_rate', [(0.05, 2), (0.1, 3)])]
Loss function: MSE
Combinations: [[2, 2], [2, 3], [2, 1], [2, 0], [2, 8], [2, 9], [2, 5], [2, 14], [2, 13], [2, 12], [2, 15], [2, 6], [2, 17], [2, 16], [2, 21], [2, 4], [2, 20], [2, 19], [2, 18], [2, 23], [2, 7], [2, 22], [2, 10], [2, 11]]
Losses: [0.00037974826409481466, 0.00046098485472612083, 0.0004926012479700148, 0.0005410420708358288, 0.0005672289407812059, 0.0006171417771838605, 0.0007294603856280446, 0.000757689296733588, 0.0007583306869491935, 0.0007733559468761086, 0.0007810468086972833, 0.0008276041480712593, 0.0009308040025644004, 0.001018339884467423, 0.0010982544627040625, 0.0011320795165374875, 0.0011467367876321077, 0.001158198225311935, 0.0011946650920435786, 0.0012428724439814687, 0.003379823174327612, 0.004076702520251274, 0.005041944328695536, 0.01761178858578205]
Hyperparameters: [('batch_size', [(32, 5)]), ('criterion', [('MAE', 5)]), ('differencing', [('none', 5)]), ('features', [('occrate_occrate1day_occrate1week_dow_hod_lecture_exam_registered', 5)]), ('frequency', [('5min', 5)]), ('hidden_size', [(array([1024,  256]), 5)]), ('include_x_features', [(True, 5)]), ('info', [('Run 2: Densenet sweep', 5)]), ('lr', [(0.0001, 5)]), ('max_n_updates', [(25000, 5)]), ('model_class', [('simple_densenet', 5)]), ('num_layers', [(1, 5)]), ('occcount', [(False, 5)]), ('weight_decay', [(0, 5)]), ('x_horizon', [(36, 1), (72, 4)]), ('x_size', [(10, 5)]), ('y_features_size', [(9, 5)]), ('y_horizon', [(6, 2), (12, 3)]), ('y_size', [(1, 5)]), ('zero_sample_drop_rate', [(0.05, 2), (0.1, 3)])]
Loss function: RMSE
Combinations: [[2, 2], [2, 3], [2, 1], [2, 0], [2, 8], [2, 9], [2, 5], [2, 14], [2, 12], [2, 6], [2, 15], [2, 13], [2, 4], [2, 17], [2, 16], [2, 21], [2, 20], [2, 19], [2, 7], [2, 18], [2, 23], [2, 10], [2, 22], [2, 11]]
Losses: [0.01456995215266943, 0.015244552865624428, 0.016486160457134247, 0.01723608560860157, 0.017413664609193802, 0.018281450495123863, 0.018973561003804207, 0.020229626446962357, 0.02075023390352726, 0.020835360512137413, 0.02097322791814804, 0.021090146154165268, 0.023486023768782616, 0.023689493536949158, 0.02389528974890709, 0.02408572845160961, 0.02441653423011303, 0.02506914921104908, 0.025129767134785652, 0.025371460244059563, 0.025887751951813698, 0.03900761529803276, 0.04831990227103233, 0.058996375650167465]
Hyperparameters: [('batch_size', [(32, 5)]), ('criterion', [('MAE', 5)]), ('differencing', [('none', 5)]), ('features', [('occrate_occrate1day_occrate1week_dow_hod_lecture_exam_registered', 5)]), ('frequency', [('5min', 5)]), ('hidden_size', [(array([1024,  256]), 5)]), ('include_x_features', [(True, 5)]), ('info', [('Run 2: Densenet sweep', 5)]), ('lr', [(0.0001, 5)]), ('max_n_updates', [(25000, 5)]), ('model_class', [('simple_densenet', 5)]), ('num_layers', [(1, 5)]), ('occcount', [(False, 5)]), ('weight_decay', [(0, 5)]), ('x_horizon', [(36, 1), (72, 4)]), ('x_size', [(10, 5)]), ('y_features_size', [(9, 5)]), ('y_horizon', [(6, 2), (12, 3)]), ('y_size', [(1, 5)]), ('zero_sample_drop_rate', [(0.05, 2), (0.1, 3)])]
Loss function: R2
Combinations: [[2, 3], [2, 8], [2, 9], [2, 5], [2, 2], [2, 14], [2, 20], [2, 21], [2, 12], [2, 15], [2, 18], [2, 19], [2, 13], [2, 16], [2, 0], [2, 23], [2, 1], [2, 17], [2, 10], [2, 6], [2, 7], [2, 22], [2, 11], [2, 4]]
Losses: [0.7187907695770264, 0.5986012816429138, 0.4244527816772461, 0.35053402185440063, 0.18134696781635284, 0.17156760394573212, 0.11971582472324371, -0.06254633516073227, -0.1948336511850357, -0.3644143044948578, -0.490572988986969, -0.5557212829589844, -0.9246741533279419, -0.9980693459510803, -1.5249276161193848, -1.671650767326355, -2.104710817337036, -2.1735081672668457, -2.1863577365875244, -2.6705071926116943, -3.0132553577423096, -3.4063966274261475, -4.847081661224365, -42.512664794921875]
Hyperparameters: [('batch_size', [(32, 5)]), ('criterion', [('MAE', 5)]), ('differencing', [('none', 5)]), ('features', [('occrate_occrate1day_occrate1week_dow_hod_lecture_exam_registered', 5)]), ('frequency', [('5min', 5)]), ('hidden_size', [(array([1024,  256]), 5)]), ('include_x_features', [(True, 5)]), ('info', [('Run 2: Densenet sweep', 5)]), ('lr', [(0.0001, 5)]), ('max_n_updates', [(25000, 5)]), ('model_class', [('simple_densenet', 5)]), ('num_layers', [(1, 5)]), ('occcount', [(False, 5)]), ('weight_decay', [(0, 5)]), ('x_horizon', [(36, 2), (72, 3)]), ('x_size', [(10, 5)]), ('y_features_size', [(9, 5)]), ('y_horizon', [(1, 1), (12, 4)]), ('y_size', [(1, 5)]), ('zero_sample_drop_rate', [(0.05, 3), (0.1, 2)])]

#################
Data: train
Run: 3
Time: 2024-09-12 17:00:18
Loss function: MAE
Combinations: [[3, 10], [3, 11], [3, 1], [3, 2], [3, 7], [3, 4], [3, 8], [3, 5], [3, 0], [3, 3], [3, 6], [3, 9]]
Losses: [0.005855083465576172, 0.005899922922253609, 0.005928025580942631, 0.00598585931584239, 0.006044462788850069, 0.006068041082471609, 0.006154344417154789, 0.00616292841732502, 0.006195178721100092, 0.006506298668682575, 0.006523453164845705, 0.025818198919296265]
Hyperparameters: [('batch_size', [(32, 5)]), ('criterion', [('MAE', 5)]), ('differencing', [('none', 5)]), ('features', [('occrate_occrate1day_occrate1week_dow_hod_holiday_zwickltag_lecture_lectureramp_exam_registered_type', 3), ('occrate_occrate1day_occrate1week_dow_hod_lecture_lectureramp_exam_registered_type', 2)]), ('frequency', [('5min', 5)]), ('hidden_size', [(array([1024,  256]), 5)]), ('include_x_features', [(True, 5)]), ('info', [('Run 3: Densenet sweep 2.0', 5)]), ('lr', [(0.0001, 5)]), ('max_n_updates', [(25000, 5)]), ('model_class', [('simple_densenet', 5)]), ('num_layers', [(1, 5)]), ('occcount', [(False, 5)]), ('weight_decay', [(0, 5)]), ('x_horizon', [(72, 2), (96, 3)]), ('x_size', [(20, 2), (22, 3)]), ('y_features_size', [(19, 2), (21, 3)]), ('y_horizon', [(24, 3), (36, 2)]), ('y_size', [(1, 5)]), ('zero_sample_drop_rate', [(0.1, 5)])]
Loss function: MSE
Combinations: [[3, 1], [3, 7], [3, 2], [3, 10], [3, 8], [3, 11], [3, 4], [3, 0], [3, 5], [3, 6], [3, 3], [3, 9]]
Losses: [0.0003371127531863749, 0.0003424932365305722, 0.00035124094574712217, 0.00037644061376340687, 0.00037840139702893794, 0.0003794578951783478, 0.0003829904890153557, 0.0003833361261058599, 0.00039526307955384254, 0.0004207198217045516, 0.00042725724051706493, 0.004778508562594652]
Hyperparameters: [('batch_size', [(32, 5)]), ('criterion', [('MAE', 5)]), ('differencing', [('none', 5)]), ('features', [('occrate_occrate1day_occrate1week_dow_hod_holiday_zwickltag_lecture_lectureramp_exam_registered_type', 3), ('occrate_occrate1day_occrate1week_dow_hod_lecture_lectureramp_exam_registered_type', 2)]), ('frequency', [('5min', 5)]), ('hidden_size', [(array([1024,  256]), 5)]), ('include_x_features', [(True, 5)]), ('info', [('Run 3: Densenet sweep 2.0', 5)]), ('lr', [(0.0001, 5)]), ('max_n_updates', [(25000, 5)]), ('model_class', [('simple_densenet', 5)]), ('num_layers', [(1, 5)]), ('occcount', [(False, 5)]), ('weight_decay', [(0, 5)]), ('x_horizon', [(72, 2), (96, 3)]), ('x_size', [(20, 2), (22, 3)]), ('y_features_size', [(19, 2), (21, 3)]), ('y_horizon', [(24, 4), (36, 1)]), ('y_size', [(1, 5)]), ('zero_sample_drop_rate', [(0.1, 5)])]
Loss function: RMSE
Combinations: [[3, 7], [3, 1], [3, 10], [3, 2], [3, 8], [3, 11], [3, 4], [3, 0], [3, 5], [3, 6], [3, 3], [3, 9]]
Losses: [0.013465141877532005, 0.013475552201271057, 0.013724731281399727, 0.013852654956281185, 0.013862730003893375, 0.013968465849757195, 0.014062291942536831, 0.014495267532765865, 0.01454886607825756, 0.014790806919336319, 0.015093013644218445, 0.052009712904691696]
Hyperparameters: [('batch_size', [(32, 5)]), ('criterion', [('MAE', 5)]), ('differencing', [('none', 5)]), ('features', [('occrate_occrate1day_occrate1week_dow_hod_holiday_zwickltag_lecture_lectureramp_exam_registered_type', 3), ('occrate_occrate1day_occrate1week_dow_hod_lecture_lectureramp_exam_registered_type', 2)]), ('frequency', [('5min', 5)]), ('hidden_size', [(array([1024,  256]), 5)]), ('include_x_features', [(True, 5)]), ('info', [('Run 3: Densenet sweep 2.0', 5)]), ('lr', [(0.0001, 5)]), ('max_n_updates', [(25000, 5)]), ('model_class', [('simple_densenet', 5)]), ('num_layers', [(1, 5)]), ('occcount', [(False, 5)]), ('weight_decay', [(0, 5)]), ('x_horizon', [(72, 2), (96, 3)]), ('x_size', [(20, 2), (22, 3)]), ('y_features_size', [(19, 2), (21, 3)]), ('y_horizon', [(24, 4), (36, 1)]), ('y_size', [(1, 5)]), ('zero_sample_drop_rate', [(0.1, 5)])]
Loss function: R2
Combinations: [[3, 7], [3, 8], [3, 6], [3, 0], [3, 1], [3, 11], [3, 2], [3, 9], [3, 10], [3, 5], [3, 4], [3, 3]]
Losses: [0.852961540222168, 0.784285306930542, 0.7663719654083252, 0.6862661242485046, 0.6540352702140808, 0.3421100974082947, 0.20111575722694397, 0.12503868341445923, -0.35100582242012024, -2.0692012310028076, -3.453253746032715, -3.7361605167388916]
Hyperparameters: [('batch_size', [(32, 5)]), ('criterion', [('MAE', 5)]), ('differencing', [('none', 5)]), ('features', [('occrate_occrate1day_occrate1week_dow_hod_holiday_zwickltag_lecture_lectureramp_exam_registered_type', 2), ('occrate_occrate1day_occrate1week_dow_hod_lecture_exam_registered', 2), ('occrate_occrate1day_occrate1week_dow_hod_lecture_lectureramp_exam_registered_type', 1)]), ('frequency', [('5min', 5)]), ('hidden_size', [(array([1024,  256]), 5)]), ('include_x_features', [(True, 5)]), ('info', [('Run 3: Densenet sweep 2.0', 5)]), ('lr', [(0.0001, 5)]), ('max_n_updates', [(25000, 5)]), ('model_class', [('simple_densenet', 5)]), ('num_layers', [(1, 5)]), ('occcount', [(False, 5)]), ('weight_decay', [(0, 5)]), ('x_horizon', [(72, 2), (96, 3)]), ('x_size', [(10, 2), (20, 1), (22, 2)]), ('y_features_size', [(9, 2), (19, 1), (21, 2)]), ('y_horizon', [(24, 5)]), ('y_size', [(1, 5)]), ('zero_sample_drop_rate', [(0.1, 5)])]

#################
Data: train
Run: 4
Time: 2024-09-12 17:05:56
Loss function: MAE
Combinations: [[4, 34], [4, 38], [4, 32], [4, 28], [4, 8], [4, 22], [4, 18], [4, 20], [4, 36], [4, 26], [4, 14], [4, 16], [4, 12], [4, 6], [4, 30], [4, 2], [4, 10], [4, 24], [4, 4], [4, 0], [4, 29], [4, 35], [4, 31], [4, 25], [4, 33], [4, 37], [4, 27], [4, 19], [4, 7], [4, 11], [4, 21], [4, 15], [4, 1], [4, 5], [4, 9], [4, 39], [4, 13], [4, 23], [4, 17], [4, 3]]
Losses: [0.003949035424739122, 0.0044001443311572075, 0.004695627372711897, 0.0048294831067323685, 0.0048959581181406975, 0.005055891815572977, 0.005363337229937315, 0.005405041854828596, 0.005617195274680853, 0.006031596101820469, 0.0060391733422875404, 0.0062491693533957005, 0.006633185315877199, 0.006740104407072067, 0.007227093912661076, 0.007394874002784491, 0.009172684513032436, 0.010044125840067863, 0.010365467518568039, 0.011723910458385944, 0.02156897820532322, 0.022031081840395927, 0.022078627720475197, 0.02267247810959816, 0.023439951241016388, 0.024245908483862877, 0.024870527908205986, 0.024874728173017502, 0.025129757821559906, 0.025181807577610016, 0.02522403933107853, 0.025273963809013367, 0.025321120396256447, 0.025335367769002914, 0.025403892621397972, 0.025467991828918457, 0.025555124506354332, 0.025582928210496902, 0.025601860135793686, 0.02562759630382061]
Hyperparameters: [('batch_size', [(32, 5)]), ('criterion', [('MAE', 5)]), ('differencing', [('none', 5)]), ('features', [('occrate_occrate1day_occrate1week_dow_hod_holiday_zwickltag_lecture_lectureramp_exam_registered_type', 3), ('occrate_occrate1day_occrate1week_dow_hod_lecture_lectureramp_exam_registered_type', 2)]), ('forget_gate', [(True, 5)]), ('frequency', [('5min', 5)]), ('hidden_size', [(array([128]), 1), (array([256]), 4)]), ('include_x_features', [(True, 5)]), ('info', [('Run 4: LSTM sweep 2.0', 5)]), ('lr', [(0.0001, 5)]), ('max_n_updates', [(25000, 5)]), ('model_class', [('simple_lstm', 5)]), ('num_layers', [(3, 5)]), ('occcount', [(False, 5)]), ('weight_decay', [(0, 5)]), ('x_horizon', [(72, 4), (96, 1)]), ('x_size', [(20, 2), (22, 3)]), ('y_features_size', [(19, 2), (21, 3)]), ('y_horizon', [(24, 2), (36, 3)]), ('y_size', [(1, 5)]), ('zero_sample_drop_rate', [(0.1, 5)])]
Loss function: MSE
Combinations: [[4, 34], [4, 38], [4, 8], [4, 22], [4, 28], [4, 32], [4, 18], [4, 36], [4, 26], [4, 20], [4, 14], [4, 16], [4, 12], [4, 2], [4, 6], [4, 30], [4, 10], [4, 4], [4, 24], [4, 0], [4, 29], [4, 31], [4, 35], [4, 25], [4, 33], [4, 37], [4, 27], [4, 19], [4, 7], [4, 11], [4, 21], [4, 1], [4, 5], [4, 15], [4, 3], [4, 9], [4, 39], [4, 13], [4, 23], [4, 17]]
Losses: [0.0002613644173834473, 0.0002722700301092118, 0.0003086587821599096, 0.00031783050508238375, 0.00033150549279525876, 0.00037190126022323966, 0.00038862781366333365, 0.00045130326179787517, 0.0004653866053558886, 0.000474535976536572, 0.0004773365508299321, 0.0004938456695526838, 0.0005384482210502028, 0.0005569678614847362, 0.0005728607648052275, 0.0007741506560705602, 0.0008892320329323411, 0.0010168668814003468, 0.0010926243849098682, 0.00134174688719213, 0.0036325135733932257, 0.0037282919511198997, 0.003730542492121458, 0.003836297197267413, 0.004127475433051586, 0.004268537275493145, 0.004499948583543301, 0.00450431602075696, 0.0045152767561376095, 0.004613278899341822, 0.004613819066435099, 0.004625728353857994, 0.004632390569895506, 0.0046370248310267925, 0.004646298009902239, 0.004664298612624407, 0.004684041254222393, 0.004716622643172741, 0.004728236701339483, 0.004731873050332069]
Hyperparameters: [('batch_size', [(32, 5)]), ('criterion', [('MAE', 5)]), ('differencing', [('none', 5)]), ('features', [('occrate_occrate1day_occrate1week_dow_hod_holiday_zwickltag_lecture_lectureramp_exam_registered_type', 2), ('occrate_occrate1day_occrate1week_dow_hod_lecture_lectureramp_exam_registered_type', 3)]), ('forget_gate', [(True, 5)]), ('frequency', [('5min', 5)]), ('hidden_size', [(array([128]), 2), (array([256]), 3)]), ('include_x_features', [(True, 5)]), ('info', [('Run 4: LSTM sweep 2.0', 5)]), ('lr', [(0.0001, 5)]), ('max_n_updates', [(25000, 5)]), ('model_class', [('simple_lstm', 5)]), ('num_layers', [(3, 5)]), ('occcount', [(False, 5)]), ('weight_decay', [(0, 5)]), ('x_horizon', [(72, 3), (96, 2)]), ('x_size', [(20, 3), (22, 2)]), ('y_features_size', [(19, 3), (21, 2)]), ('y_horizon', [(24, 2), (36, 3)]), ('y_size', [(1, 5)]), ('zero_sample_drop_rate', [(0.1, 5)])]
Loss function: RMSE
Combinations: [[4, 34], [4, 38], [4, 8], [4, 32], [4, 28], [4, 22], [4, 20], [4, 18], [4, 26], [4, 14], [4, 36], [4, 16], [4, 12], [4, 2], [4, 6], [4, 30], [4, 10], [4, 4], [4, 24], [4, 0], [4, 29], [4, 31], [4, 35], [4, 25], [4, 33], [4, 37], [4, 19], [4, 27], [4, 7], [4, 21], [4, 11], [4, 5], [4, 3], [4, 15], [4, 1], [4, 9], [4, 39], [4, 13], [4, 23], [4, 17]]
Losses: [0.011400743387639523, 0.011423533782362938, 0.012172474525868893, 0.012376165017485619, 0.012672996148467064, 0.01269183773547411, 0.013628765940666199, 0.014137769117951393, 0.014515048824250698, 0.014553891494870186, 0.014624074101448059, 0.015094934962689877, 0.016414115205407143, 0.01710294745862484, 0.017161140218377113, 0.01819542609155178, 0.021523820236325264, 0.02236751839518547, 0.02316260151565075, 0.025231653824448586, 0.04407128691673279, 0.044826485216617584, 0.044909946620464325, 0.046108800917863846, 0.04760929197072983, 0.048853084444999695, 0.0498369075357914, 0.05040809512138367, 0.050612084567546844, 0.050913527607917786, 0.05100250616669655, 0.0510484054684639, 0.05114709213376045, 0.05117769539356232, 0.05123785510659218, 0.05136531591415405, 0.051433347165584564, 0.051641203463077545, 0.05170464515686035, 0.05172914266586304]
Hyperparameters: [('batch_size', [(32, 5)]), ('criterion', [('MAE', 5)]), ('differencing', [('none', 5)]), ('features', [('occrate_occrate1day_occrate1week_dow_hod_holiday_zwickltag_lecture_lectureramp_exam_registered_type', 3), ('occrate_occrate1day_occrate1week_dow_hod_lecture_lectureramp_exam_registered_type', 2)]), ('forget_gate', [(True, 5)]), ('frequency', [('5min', 5)]), ('hidden_size', [(array([128]), 1), (array([256]), 4)]), ('include_x_features', [(True, 5)]), ('info', [('Run 4: LSTM sweep 2.0', 5)]), ('lr', [(0.0001, 5)]), ('max_n_updates', [(25000, 5)]), ('model_class', [('simple_lstm', 5)]), ('num_layers', [(3, 5)]), ('occcount', [(False, 5)]), ('weight_decay', [(0, 5)]), ('x_horizon', [(72, 4), (96, 1)]), ('x_size', [(20, 2), (22, 3)]), ('y_features_size', [(19, 2), (21, 3)]), ('y_horizon', [(24, 2), (36, 3)]), ('y_size', [(1, 5)]), ('zero_sample_drop_rate', [(0.1, 5)])]
Loss function: R2
Combinations: [[4, 20], [4, 38], [4, 16], [4, 24], [4, 0], [4, 12], [4, 18], [4, 22], [4, 26], [4, 8], [4, 36], [4, 14], [4, 28], [4, 29], [4, 35], [4, 25], [4, 33], [4, 37], [4, 27], [4, 19], [4, 21], [4, 3], [4, 15], [4, 7], [4, 1], [4, 11], [4, 9], [4, 13], [4, 39], [4, 23], [4, 17], [4, 31], [4, 5], [4, 32], [4, 4], [4, 2], [4, 30], [4, 10], [4, 34], [4, 6]]
Losses: [0.8125505447387695, 0.8059471845626831, 0.805805504322052, 0.7722502946853638, 0.7127031683921814, 0.6984845995903015, 0.6796627640724182, 0.6566910743713379, 0.6027085781097412, 0.5158501863479614, 0.49820324778556824, 0.4665547311306, 0.4028286635875702, 0.3210390508174896, 0.2915584444999695, 0.28505945205688477, 0.22604212164878845, 0.22110863029956818, 0.16762138903141022, 0.1628289818763733, 0.1544884443283081, 0.15268175303936005, 0.15026651322841644, 0.14741820096969604, 0.1451667994260788, 0.141203835606575, 0.13754227757453918, 0.13610491156578064, 0.13504789769649506, 0.13336899876594543, 0.13271868228912354, 0.12119781970977783, 0.07839085161685944, 0.04828449711203575, -0.03736121580004692, -0.10578010231256485, -0.11951661854982376, -0.2911336123943329, -2.7906100749969482, -4.055978775024414]
Hyperparameters: [('batch_size', [(32, 5)]), ('criterion', [('MAE', 5)]), ('differencing', [('none', 5)]), ('features', [('occrate_occrate1day_occrate1week_dow_hod_holiday_zwickltag_lecture_lectureramp_exam_registered_type', 2), ('occrate_occrate1day_occrate1week_dow_hod_lecture_exam_registered', 2), ('occrate_occrate1day_occrate1week_dow_hod_lecture_lectureramp_exam_registered_type', 1)]), ('forget_gate', [(True, 5)]), ('frequency', [('5min', 5)]), ('hidden_size', [(array([128]), 3), (array([256]), 2)]), ('include_x_features', [(True, 5)]), ('info', [('Run 4: LSTM sweep 2.0', 5)]), ('lr', [(0.0001, 5)]), ('max_n_updates', [(25000, 5)]), ('model_class', [('simple_lstm', 5)]), ('num_layers', [(3, 5)]), ('occcount', [(False, 5)]), ('weight_decay', [(0, 5)]), ('x_horizon', [(72, 2), (96, 3)]), ('x_size', [(10, 2), (20, 1), (22, 2)]), ('y_features_size', [(9, 2), (19, 1), (21, 2)]), ('y_horizon', [(24, 4), (36, 1)]), ('y_size', [(1, 5)]), ('zero_sample_drop_rate', [(0.1, 5)])]



#################
Data: val
Run: 4
Time: 2024-09-12 17:33:23
Loss function: MAE
Combinations: [[4, 43], [4, 20], [4, 28], [4, 41], [4, 8], [4, 26], [4, 14], [4, 2], [4, 22], [4, 18], [4, 16], [4, 40], [4, 32], [4, 4], [4, 36], [4, 12], [4, 30], [4, 24], [4, 38], [4, 34], [4, 6], [4, 10], [4, 0], [4, 42], [4, 31], [4, 29], [4, 35], [4, 33], [4, 25], [4, 11], [4, 27], [4, 19], [4, 7], [4, 37], [4, 5], [4, 1], [4, 3], [4, 9], [4, 15], [4, 39], [4, 21], [4, 23], [4, 13], [4, 17]]
Losses: [0.007822132669389248, 0.008208143524825573, 0.008280801586806774, 0.008301866240799427, 0.008302522823214531, 0.008445418439805508, 0.008504079654812813, 0.0085391690954566, 0.008569051511585712, 0.00866557378321886, 0.008699287660419941, 0.008712047711014748, 0.00880272313952446, 0.008944635279476643, 0.008993321098387241, 0.009031413123011589, 0.009203263558447361, 0.009284157305955887, 0.009294095449149609, 0.009540252387523651, 0.009547359310090542, 0.009581171907484531, 0.010009326040744781, 0.011372249573469162, 0.014648675918579102, 0.015231871046125889, 0.016413936391472816, 0.0167072843760252, 0.01744706928730011, 0.018734095618128777, 0.018736060708761215, 0.019134333357214928, 0.0192547794431448, 0.01952754706144333, 0.019623398780822754, 0.01975545845925808, 0.01983676850795746, 0.019856898114085197, 0.020214268937706947, 0.020390519872307777, 0.02057471126317978, 0.02076226845383644, 0.020763874053955078, 0.020789096131920815]
Hyperparameters: [('batch_size', [(32, 5)]), ('criterion', [('MAE', 5)]), ('differencing', [('none', 5)]), ('features', [('occrate_occrate1day_occrate1week_dow_hod_holiday_zwickltag_lecture_lectureramp_exam_registered_type', 3), ('occrate_occrate1day_occrate1week_dow_hod_lecture_exam_registered', 1), ('occrate_occrate1day_occrate1week_dow_hod_lecture_lectureramp_exam_registered_type', 1)]), ('forget_gate', [(True, 5)]), ('frequency', [('5min', 5)]), ('hidden_size', [(array([128]), 2), (array([256]), 1), (array([1024]), 2)]), ('include_x_features', [(True, 5)]), ('info', [('Run 4: LSTM sweep 2.0', 5)]), ('lr', [(0.0001, 5)]), ('max_n_updates', [(25000, 5)]), ('model_class', [('simple_lstm', 5)]), ('num_layers', [(3, 5)]), ('occcount', [(False, 5)]), ('weight_decay', [(0, 5)]), ('x_horizon', [(72, 4), (96, 1)]), ('x_size', [(10, 1), (20, 1), (22, 3)]), ('y_features_size', [(9, 1), (19, 1), (21, 3)]), ('y_horizon', [(24, 3), (36, 2)]), ('y_size', [(1, 5)]), ('zero_sample_drop_rate', [(0.1, 5)])]
Loss function: MSE
Combinations: [[4, 43], [4, 2], [4, 28], [4, 8], [4, 26], [4, 41], [4, 20], [4, 22], [4, 40], [4, 18], [4, 4], [4, 14], [4, 32], [4, 16], [4, 36], [4, 12], [4, 30], [4, 24], [4, 34], [4, 38], [4, 10], [4, 6], [4, 0], [4, 42], [4, 31], [4, 29], [4, 35], [4, 33], [4, 25], [4, 11], [4, 19], [4, 27], [4, 37], [4, 7], [4, 5], [4, 3], [4, 15], [4, 1], [4, 9], [4, 39], [4, 21], [4, 13], [4, 23], [4, 17]]
Losses: [0.0006001120782457292, 0.0006353675853461027, 0.0006391346105374396, 0.0006551407277584076, 0.000661318248603493, 0.0006617206963710487, 0.0006628769333474338, 0.0006938445731066167, 0.0007004748331382871, 0.0007025104714557528, 0.0007069532293826342, 0.0007075085886754096, 0.000711605534888804, 0.0007355266134254634, 0.0007467437535524368, 0.0007577560609206557, 0.0007583165424875915, 0.0007895346498116851, 0.0007915865862742066, 0.000814296305179596, 0.0008289343095384538, 0.00084947474533692, 0.0009581844788044691, 0.001179272192530334, 0.0017674464033916593, 0.0018740332452580333, 0.002135448157787323, 0.0021825716830790043, 0.00236236653290689, 0.0026182762812823057, 0.0026978093665093184, 0.0027133035473525524, 0.002803770126774907, 0.0028049559332430363, 0.0028921158518642187, 0.0029010639991611242, 0.0029401318170130253, 0.0029488056898117065, 0.0029527954757213593, 0.0030047993641346693, 0.0030339863151311874, 0.0031025062780827284, 0.0031060862820595503, 0.003110153367742896]
Hyperparameters: [('batch_size', [(32, 5)]), ('criterion', [('MAE', 5)]), ('differencing', [('none', 5)]), ('features', [('occrate_occrate1day_occrate1week_dow_hod_holiday_zwickltag_lecture_lectureramp_exam_registered_type', 4), ('occrate_occrate1day_occrate1week_dow_hod_lecture_lectureramp_exam_registered_type', 1)]), ('forget_gate', [(True, 5)]), ('frequency', [('5min', 5)]), ('hidden_size', [(array([128]), 2), (array([256]), 2), (array([1024]), 1)]), ('include_x_features', [(True, 5)]), ('info', [('Run 4: LSTM sweep 2.0', 5)]), ('lr', [(0.0001, 5)]), ('max_n_updates', [(25000, 5)]), ('model_class', [('simple_lstm', 5)]), ('num_layers', [(3, 5)]), ('occcount', [(False, 5)]), ('weight_decay', [(0, 5)]), ('x_horizon', [(72, 5)]), ('x_size', [(20, 1), (22, 4)]), ('y_features_size', [(19, 1), (21, 4)]), ('y_horizon', [(24, 4), (36, 1)]), ('y_size', [(1, 5)]), ('zero_sample_drop_rate', [(0.1, 5)])]
Loss function: RMSE
Combinations: [[4, 43], [4, 26], [4, 28], [4, 8], [4, 2], [4, 41], [4, 20], [4, 22], [4, 14], [4, 18], [4, 40], [4, 16], [4, 4], [4, 12], [4, 32], [4, 30], [4, 36], [4, 38], [4, 24], [4, 34], [4, 10], [4, 6], [4, 0], [4, 42], [4, 31], [4, 29], [4, 35], [4, 33], [4, 25], [4, 11], [4, 27], [4, 19], [4, 7], [4, 5], [4, 3], [4, 37], [4, 1], [4, 9], [4, 15], [4, 39], [4, 21], [4, 13], [4, 23], [4, 17]]
Losses: [0.01659672148525715, 0.01701100915670395, 0.017013773322105408, 0.01703658141195774, 0.017070692032575607, 0.017177043482661247, 0.017248831689357758, 0.017480215057730675, 0.017559407278895378, 0.01772085763514042, 0.0177985280752182, 0.01809145137667656, 0.01837552711367607, 0.01857990212738514, 0.018637435510754585, 0.018938854336738586, 0.018978949636220932, 0.01898527890443802, 0.019284503534436226, 0.019755549728870392, 0.020201152190566063, 0.020426062867045403, 0.02090664952993393, 0.023883052170276642, 0.03017907589673996, 0.03144463524222374, 0.03317011147737503, 0.033552948385477066, 0.03516105189919472, 0.037356361746788025, 0.03746691718697548, 0.03759213164448738, 0.03841341286897659, 0.03899356350302696, 0.03901784121990204, 0.039130937308073044, 0.03941113129258156, 0.039425041526556015, 0.04050735756754875, 0.04057401791214943, 0.04082276672124863, 0.04135943204164505, 0.041376806795597076, 0.04140844568610191]
Hyperparameters: [('batch_size', [(32, 5)]), ('criterion', [('MAE', 5)]), ('differencing', [('none', 5)]), ('features', [('occrate_occrate1day_occrate1week_dow_hod_holiday_zwickltag_lecture_lectureramp_exam_registered_type', 4), ('occrate_occrate1day_occrate1week_dow_hod_lecture_lectureramp_exam_registered_type', 1)]), ('forget_gate', [(True, 5)]), ('frequency', [('5min', 5)]), ('hidden_size', [(array([128]), 2), (array([256]), 2), (array([1024]), 1)]), ('include_x_features', [(True, 5)]), ('info', [('Run 4: LSTM sweep 2.0', 5)]), ('lr', [(0.0001, 5)]), ('max_n_updates', [(25000, 5)]), ('model_class', [('simple_lstm', 5)]), ('num_layers', [(3, 5)]), ('occcount', [(False, 5)]), ('weight_decay', [(0, 5)]), ('x_horizon', [(72, 5)]), ('x_size', [(20, 1), (22, 4)]), ('y_features_size', [(19, 1), (21, 4)]), ('y_horizon', [(24, 4), (36, 1)]), ('y_size', [(1, 5)]), ('zero_sample_drop_rate', [(0.1, 5)])]
Loss function: R2
Combinations: [[4, 41], [4, 24], [4, 18], [4, 20], [4, 12], [4, 16], [4, 40], [4, 22], [4, 43], [4, 14], [4, 28], [4, 0], [4, 38], [4, 26], [4, 36], [4, 8], [4, 4], [4, 32], [4, 2], [4, 30], [4, 42], [4, 10], [4, 29], [4, 31], [4, 35], [4, 25], [4, 34], [4, 33], [4, 19], [4, 11], [4, 7], [4, 37], [4, 27], [4, 3], [4, 1], [4, 9], [4, 39], [4, 15], [4, 21], [4, 5], [4, 13], [4, 23], [4, 17], [4, 6]]
Losses: [0.7637118697166443, 0.724272608757019, 0.715840220451355, 0.7065070271492004, 0.7040216326713562, 0.698009192943573, 0.6931160688400269, 0.6915299892425537, 0.6868690252304077, 0.6785256266593933, 0.6755194067955017, 0.671843409538269, 0.6664443016052246, 0.6559272408485413, 0.6537360548973083, 0.6412426829338074, 0.6383374929428101, 0.6234118342399597, 0.607735276222229, 0.60746830701828, 0.5926130414009094, 0.4959302246570587, 0.439907431602478, 0.4329684376716614, 0.3931751251220703, 0.33339738845825195, 0.3078785240650177, 0.30200448632240295, 0.27156123518943787, 0.25918152928352356, 0.23721513152122498, 0.23244263231754303, 0.2198074907064438, 0.20882636308670044, 0.19529981911182404, 0.19433480501174927, 0.18329131603240967, 0.17760397493839264, 0.17139390110969543, 0.16613483428955078, 0.15955345332622528, 0.15284483134746552, 0.1517278403043747, 0.11565496772527695]
Hyperparameters: [('batch_size', [(32, 5)]), ('criterion', [('MAE', 5)]), ('differencing', [('none', 5)]), ('features', [('occrate_occrate1day_occrate1week_dow_hod_holiday_zwickltag_lecture_lectureramp_exam_registered_type', 1), ('occrate_occrate1day_occrate1week_dow_hod_lecture_exam_registered', 4)]), ('forget_gate', [(True, 5)]), ('frequency', [('5min', 5)]), ('hidden_size', [(array([128]), 3), (array([256]), 1), (array([1024]), 1)]), ('include_x_features', [(True, 5)]), ('info', [('Run 4: LSTM sweep 2.0', 5)]), ('lr', [(0.0001, 5)]), ('max_n_updates', [(25000, 5)]), ('model_class', [('simple_lstm', 5)]), ('num_layers', [(3, 5)]), ('occcount', [(False, 5)]), ('weight_decay', [(0, 5)]), ('x_horizon', [(72, 2), (96, 3)]), ('x_size', [(10, 4), (22, 1)]), ('y_features_size', [(9, 4), (21, 1)]), ('y_horizon', [(24, 3), (36, 2)]), ('y_size', [(1, 5)]), ('zero_sample_drop_rate', [(0.1, 5)])]

#################
Data: val
Run: 5
Time: 2024-09-13 20:25:37
Loss function: MAE
Combinations: [[5, 0], [5, 6], [5, 2], [5, 5]]
Losses: [0.008765335194766521, 0.009848435409367085, 0.010216648690402508, 0.0195715744048357]
Hyperparameters: [('batch_size', [(64, 4)]), ('criterion', [('MAE', 4)]), ('differencing', [('none', 4)]), ('features', [('occrate_occrate1week_dow_hod_week_holiday_zwickltag_lecture_lectureramp_test_exam_tutorium_registered_type', 4)]), ('forget_gate', [(True, 4)]), ('frequency', [('5min', 4)]), ('hidden_size', [(array([512, 256]), 1), (array([1024,  256]), 3)]), ('include_x_features', [(True, 4)]), ('info', [('Run 5: Direct Compariosn', 2), ('Run 5: Direct Comparison', 2)]), ('lr', [(0.0001, 4)]), ('max_n_updates', [(50000, 4)]), ('model_class', [('simple_densenet', 2), ('simple_lstm', 2)]), ('num_layers', [(1, 1), (2, 1), (3, 2)]), ('occcount', [(False, 4)]), ('weight_decay', [(0, 4)]), ('x_horizon', [(144, 2), (288, 2)]), ('x_size', [(25, 4)]), ('y_features_size', [(24, 4)]), ('y_horizon', [(72, 2), (288, 2)]), ('y_size', [(1, 4)]), ('zero_sample_drop_rate', [(0.1, 4)])]
Loss function: MSE
Combinations: [[5, 0], [5, 6], [5, 2], [5, 5]]
Losses: [0.0007457645260728896, 0.0008249694365076721, 0.0008945200825110078, 0.002797340042889118]
Hyperparameters: [('batch_size', [(64, 4)]), ('criterion', [('MAE', 4)]), ('differencing', [('none', 4)]), ('features', [('occrate_occrate1week_dow_hod_week_holiday_zwickltag_lecture_lectureramp_test_exam_tutorium_registered_type', 4)]), ('forget_gate', [(True, 4)]), ('frequency', [('5min', 4)]), ('hidden_size', [(array([512, 256]), 1), (array([1024,  256]), 3)]), ('include_x_features', [(True, 4)]), ('info', [('Run 5: Direct Compariosn', 2), ('Run 5: Direct Comparison', 2)]), ('lr', [(0.0001, 4)]), ('max_n_updates', [(50000, 4)]), ('model_class', [('simple_densenet', 2), ('simple_lstm', 2)]), ('num_layers', [(1, 1), (2, 1), (3, 2)]), ('occcount', [(False, 4)]), ('weight_decay', [(0, 4)]), ('x_horizon', [(144, 2), (288, 2)]), ('x_size', [(25, 4)]), ('y_features_size', [(24, 4)]), ('y_horizon', [(72, 2), (288, 2)]), ('y_size', [(1, 4)]), ('zero_sample_drop_rate', [(0.1, 4)])]
Loss function: RMSE
Combinations: [[5, 0], [5, 6], [5, 2], [5, 5]]
Losses: [0.019023770466446877, 0.020240049809217453, 0.02099282667040825, 0.039389874786138535]
Hyperparameters: [('batch_size', [(64, 4)]), ('criterion', [('MAE', 4)]), ('differencing', [('none', 4)]), ('features', [('occrate_occrate1week_dow_hod_week_holiday_zwickltag_lecture_lectureramp_test_exam_tutorium_registered_type', 4)]), ('forget_gate', [(True, 4)]), ('frequency', [('5min', 4)]), ('hidden_size', [(array([512, 256]), 1), (array([1024,  256]), 3)]), ('include_x_features', [(True, 4)]), ('info', [('Run 5: Direct Compariosn', 2), ('Run 5: Direct Comparison', 2)]), ('lr', [(0.0001, 4)]), ('max_n_updates', [(50000, 4)]), ('model_class', [('simple_densenet', 2), ('simple_lstm', 2)]), ('num_layers', [(1, 1), (2, 1), (3, 2)]), ('occcount', [(False, 4)]), ('weight_decay', [(0, 4)]), ('x_horizon', [(144, 2), (288, 2)]), ('x_size', [(25, 4)]), ('y_features_size', [(24, 4)]), ('y_horizon', [(72, 2), (288, 2)]), ('y_size', [(1, 4)]), ('zero_sample_drop_rate', [(0.1, 4)])]
Loss function: R2
Combinations: [[5, 0], [5, 6], [5, 2], [5, 5]]
Losses: [0.6857790946960449, 0.6627024412155151, 0.5584455132484436, 0.13804414868354797]
Hyperparameters: [('batch_size', [(64, 4)]), ('criterion', [('MAE', 4)]), ('differencing', [('none', 4)]), ('features', [('occrate_occrate1week_dow_hod_week_holiday_zwickltag_lecture_lectureramp_test_exam_tutorium_registered_type', 4)]), ('forget_gate', [(True, 4)]), ('frequency', [('5min', 4)]), ('hidden_size', [(array([512, 256]), 1), (array([1024,  256]), 3)]), ('include_x_features', [(True, 4)]), ('info', [('Run 5: Direct Compariosn', 2), ('Run 5: Direct Comparison', 2)]), ('lr', [(0.0001, 4)]), ('max_n_updates', [(50000, 4)]), ('model_class', [('simple_densenet', 2), ('simple_lstm', 2)]), ('num_layers', [(1, 1), (2, 1), (3, 2)]), ('occcount', [(False, 4)]), ('weight_decay', [(0, 4)]), ('x_horizon', [(144, 2), (288, 2)]), ('x_size', [(25, 4)]), ('y_features_size', [(24, 4)]), ('y_horizon', [(72, 2), (288, 2)]), ('y_size', [(1, 4)]), ('zero_sample_drop_rate', [(0.1, 4)])]

#################
Data: val
Run: 6
Time: 2024-09-13 20:25:37
Loss function: MAE
Combinations: [[6, 0]]
Losses: [0.012218387797474861]
Hyperparameters: [('batch_size', [(64, 1)]), ('criterion', [('MAE', 1)]), ('differencing', [('none', 1)]), ('features', [('occrate_occrate1week_dow_hod_week_holiday_zwickltag_lecture_lectureramp_test_exam_tutorium_registered_type', 1)]), ('forget_gate', [(True, 1)]), ('frequency', [('5min', 1)]), ('hidden_size', [(array([1024,  512]), 1)]), ('include_x_features', [(True, 1)]), ('info', [('Run 6: Direct comparison', 1)]), ('lr', [(0.0001, 1)]), ('max_n_updates', [(50000, 1)]), ('model_class', [('simple_densenet', 1)]), ('num_layers', [(3, 1)]), ('occcount', [(False, 1)]), ('weight_decay', [(0, 1)]), ('x_horizon', [(288, 1)]), ('x_size', [(25, 1)]), ('y_features_size', [(24, 1)]), ('y_horizon', [(144, 1)]), ('y_size', [(1, 1)]), ('zero_sample_drop_rate', [(0.1, 1)])]
Loss function: MSE
Combinations: [[6, 0]]
Losses: [0.0011877019423991442]
Hyperparameters: [('batch_size', [(64, 1)]), ('criterion', [('MAE', 1)]), ('differencing', [('none', 1)]), ('features', [('occrate_occrate1week_dow_hod_week_holiday_zwickltag_lecture_lectureramp_test_exam_tutorium_registered_type', 1)]), ('forget_gate', [(True, 1)]), ('frequency', [('5min', 1)]), ('hidden_size', [(array([1024,  512]), 1)]), ('include_x_features', [(True, 1)]), ('info', [('Run 6: Direct comparison', 1)]), ('lr', [(0.0001, 1)]), ('max_n_updates', [(50000, 1)]), ('model_class', [('simple_densenet', 1)]), ('num_layers', [(3, 1)]), ('occcount', [(False, 1)]), ('weight_decay', [(0, 1)]), ('x_horizon', [(288, 1)]), ('x_size', [(25, 1)]), ('y_features_size', [(24, 1)]), ('y_horizon', [(144, 1)]), ('y_size', [(1, 1)]), ('zero_sample_drop_rate', [(0.1, 1)])]
Loss function: RMSE
Combinations: [[6, 0]]
Losses: [0.024947086349129677]
Hyperparameters: [('batch_size', [(64, 1)]), ('criterion', [('MAE', 1)]), ('differencing', [('none', 1)]), ('features', [('occrate_occrate1week_dow_hod_week_holiday_zwickltag_lecture_lectureramp_test_exam_tutorium_registered_type', 1)]), ('forget_gate', [(True, 1)]), ('frequency', [('5min', 1)]), ('hidden_size', [(array([1024,  512]), 1)]), ('include_x_features', [(True, 1)]), ('info', [('Run 6: Direct comparison', 1)]), ('lr', [(0.0001, 1)]), ('max_n_updates', [(50000, 1)]), ('model_class', [('simple_densenet', 1)]), ('num_layers', [(3, 1)]), ('occcount', [(False, 1)]), ('weight_decay', [(0, 1)]), ('x_horizon', [(288, 1)]), ('x_size', [(25, 1)]), ('y_features_size', [(24, 1)]), ('y_horizon', [(144, 1)]), ('y_size', [(1, 1)]), ('zero_sample_drop_rate', [(0.1, 1)])]
Loss function: R2
Combinations: [[6, 0]]
Losses: [-4.703524112701416]
Hyperparameters: [('batch_size', [(64, 1)]), ('criterion', [('MAE', 1)]), ('differencing', [('none', 1)]), ('features', [('occrate_occrate1week_dow_hod_week_holiday_zwickltag_lecture_lectureramp_test_exam_tutorium_registered_type', 1)]), ('forget_gate', [(True, 1)]), ('frequency', [('5min', 1)]), ('hidden_size', [(array([1024,  512]), 1)]), ('include_x_features', [(True, 1)]), ('info', [('Run 6: Direct comparison', 1)]), ('lr', [(0.0001, 1)]), ('max_n_updates', [(50000, 1)]), ('model_class', [('simple_densenet', 1)]), ('num_layers', [(3, 1)]), ('occcount', [(False, 1)]), ('weight_decay', [(0, 1)]), ('x_horizon', [(288, 1)]), ('x_size', [(25, 1)]), ('y_features_size', [(24, 1)]), ('y_horizon', [(144, 1)]), ('y_size', [(1, 1)]), ('zero_sample_drop_rate', [(0.1, 1)])]

#################
Data: train
Run: 5
Time: 2024-09-13 20:26:22
Loss function: MAE
Combinations: [[5, 2], [5, 6], [5, 0], [5, 5]]
Losses: [0.0005749652627855539, 0.0007314251852221787, 0.0031440723687410355, 0.02617451176047325]
Hyperparameters: [('batch_size', [(64, 4)]), ('criterion', [('MAE', 4)]), ('differencing', [('none', 4)]), ('features', [('occrate_occrate1week_dow_hod_week_holiday_zwickltag_lecture_lectureramp_test_exam_tutorium_registered_type', 4)]), ('forget_gate', [(True, 4)]), ('frequency', [('5min', 4)]), ('hidden_size', [(array([512, 256]), 1), (array([1024,  256]), 3)]), ('include_x_features', [(True, 4)]), ('info', [('Run 5: Direct Compariosn', 2), ('Run 5: Direct Comparison', 2)]), ('lr', [(0.0001, 4)]), ('max_n_updates', [(50000, 4)]), ('model_class', [('simple_densenet', 2), ('simple_lstm', 2)]), ('num_layers', [(1, 1), (2, 1), (3, 2)]), ('occcount', [(False, 4)]), ('weight_decay', [(0, 4)]), ('x_horizon', [(144, 2), (288, 2)]), ('x_size', [(25, 4)]), ('y_features_size', [(24, 4)]), ('y_horizon', [(72, 2), (288, 2)]), ('y_size', [(1, 4)]), ('zero_sample_drop_rate', [(0.1, 4)])]
Loss function: MSE
Combinations: [[5, 2], [5, 6], [5, 0], [5, 5]]
Losses: [2.7403577405493706e-05, 2.8371465305099264e-05, 0.00012626993702724576, 0.0049098762683570385]
Hyperparameters: [('batch_size', [(64, 4)]), ('criterion', [('MAE', 4)]), ('differencing', [('none', 4)]), ('features', [('occrate_occrate1week_dow_hod_week_holiday_zwickltag_lecture_lectureramp_test_exam_tutorium_registered_type', 4)]), ('forget_gate', [(True, 4)]), ('frequency', [('5min', 4)]), ('hidden_size', [(array([512, 256]), 1), (array([1024,  256]), 3)]), ('include_x_features', [(True, 4)]), ('info', [('Run 5: Direct Compariosn', 2), ('Run 5: Direct Comparison', 2)]), ('lr', [(0.0001, 4)]), ('max_n_updates', [(50000, 4)]), ('model_class', [('simple_densenet', 2), ('simple_lstm', 2)]), ('num_layers', [(1, 1), (2, 1), (3, 2)]), ('occcount', [(False, 4)]), ('weight_decay', [(0, 4)]), ('x_horizon', [(144, 2), (288, 2)]), ('x_size', [(25, 4)]), ('y_features_size', [(24, 4)]), ('y_horizon', [(72, 2), (288, 2)]), ('y_size', [(1, 4)]), ('zero_sample_drop_rate', [(0.1, 4)])]
Loss function: RMSE
Combinations: [[5, 2], [5, 6], [5, 0], [5, 5]]
Losses: [0.001964690862223506, 0.0030621574260294437, 0.008048170246183872, 0.05278017744421959]
Hyperparameters: [('batch_size', [(64, 4)]), ('criterion', [('MAE', 4)]), ('differencing', [('none', 4)]), ('features', [('occrate_occrate1week_dow_hod_week_holiday_zwickltag_lecture_lectureramp_test_exam_tutorium_registered_type', 4)]), ('forget_gate', [(True, 4)]), ('frequency', [('5min', 4)]), ('hidden_size', [(array([512, 256]), 1), (array([1024,  256]), 3)]), ('include_x_features', [(True, 4)]), ('info', [('Run 5: Direct Compariosn', 2), ('Run 5: Direct Comparison', 2)]), ('lr', [(0.0001, 4)]), ('max_n_updates', [(50000, 4)]), ('model_class', [('simple_densenet', 2), ('simple_lstm', 2)]), ('num_layers', [(1, 1), (2, 1), (3, 2)]), ('occcount', [(False, 4)]), ('weight_decay', [(0, 4)]), ('x_horizon', [(144, 2), (288, 2)]), ('x_size', [(25, 4)]), ('y_features_size', [(24, 4)]), ('y_horizon', [(72, 2), (288, 2)]), ('y_size', [(1, 4)]), ('zero_sample_drop_rate', [(0.1, 4)])]
Loss function: R2
Combinations: [[5, 2], [5, 6], [5, 0], [5, 5]]
Losses: [0.9744173288345337, 0.9697808623313904, 0.9579180479049683, 0.13100551068782806]
Hyperparameters: [('batch_size', [(64, 4)]), ('criterion', [('MAE', 4)]), ('differencing', [('none', 4)]), ('features', [('occrate_occrate1week_dow_hod_week_holiday_zwickltag_lecture_lectureramp_test_exam_tutorium_registered_type', 4)]), ('forget_gate', [(True, 4)]), ('frequency', [('5min', 4)]), ('hidden_size', [(array([512, 256]), 1), (array([1024,  256]), 3)]), ('include_x_features', [(True, 4)]), ('info', [('Run 5: Direct Compariosn', 2), ('Run 5: Direct Comparison', 2)]), ('lr', [(0.0001, 4)]), ('max_n_updates', [(50000, 4)]), ('model_class', [('simple_densenet', 2), ('simple_lstm', 2)]), ('num_layers', [(1, 1), (2, 1), (3, 2)]), ('occcount', [(False, 4)]), ('weight_decay', [(0, 4)]), ('x_horizon', [(144, 2), (288, 2)]), ('x_size', [(25, 4)]), ('y_features_size', [(24, 4)]), ('y_horizon', [(72, 2), (288, 2)]), ('y_size', [(1, 4)]), ('zero_sample_drop_rate', [(0.1, 4)])]

#################
Data: train
Run: 6
Time: 2024-09-13 20:26:23
Loss function: MAE
Combinations: [[6, 0]]
Losses: [0.0027946531772613525]
Hyperparameters: [('batch_size', [(64, 1)]), ('criterion', [('MAE', 1)]), ('differencing', [('none', 1)]), ('features', [('occrate_occrate1week_dow_hod_week_holiday_zwickltag_lecture_lectureramp_test_exam_tutorium_registered_type', 1)]), ('forget_gate', [(True, 1)]), ('frequency', [('5min', 1)]), ('hidden_size', [(array([1024,  512]), 1)]), ('include_x_features', [(True, 1)]), ('info', [('Run 6: Direct comparison', 1)]), ('lr', [(0.0001, 1)]), ('max_n_updates', [(50000, 1)]), ('model_class', [('simple_densenet', 1)]), ('num_layers', [(3, 1)]), ('occcount', [(False, 1)]), ('weight_decay', [(0, 1)]), ('x_horizon', [(288, 1)]), ('x_size', [(25, 1)]), ('y_features_size', [(24, 1)]), ('y_horizon', [(144, 1)]), ('y_size', [(1, 1)]), ('zero_sample_drop_rate', [(0.1, 1)])]
Loss function: MSE
Combinations: [[6, 0]]
Losses: [8.839590009301901e-05]
Hyperparameters: [('batch_size', [(64, 1)]), ('criterion', [('MAE', 1)]), ('differencing', [('none', 1)]), ('features', [('occrate_occrate1week_dow_hod_week_holiday_zwickltag_lecture_lectureramp_test_exam_tutorium_registered_type', 1)]), ('forget_gate', [(True, 1)]), ('frequency', [('5min', 1)]), ('hidden_size', [(array([1024,  512]), 1)]), ('include_x_features', [(True, 1)]), ('info', [('Run 6: Direct comparison', 1)]), ('lr', [(0.0001, 1)]), ('max_n_updates', [(50000, 1)]), ('model_class', [('simple_densenet', 1)]), ('num_layers', [(3, 1)]), ('occcount', [(False, 1)]), ('weight_decay', [(0, 1)]), ('x_horizon', [(288, 1)]), ('x_size', [(25, 1)]), ('y_features_size', [(24, 1)]), ('y_horizon', [(144, 1)]), ('y_size', [(1, 1)]), ('zero_sample_drop_rate', [(0.1, 1)])]
Loss function: RMSE
Combinations: [[6, 0]]
Losses: [0.0072851842269301414]
Hyperparameters: [('batch_size', [(64, 1)]), ('criterion', [('MAE', 1)]), ('differencing', [('none', 1)]), ('features', [('occrate_occrate1week_dow_hod_week_holiday_zwickltag_lecture_lectureramp_test_exam_tutorium_registered_type', 1)]), ('forget_gate', [(True, 1)]), ('frequency', [('5min', 1)]), ('hidden_size', [(array([1024,  512]), 1)]), ('include_x_features', [(True, 1)]), ('info', [('Run 6: Direct comparison', 1)]), ('lr', [(0.0001, 1)]), ('max_n_updates', [(50000, 1)]), ('model_class', [('simple_densenet', 1)]), ('num_layers', [(3, 1)]), ('occcount', [(False, 1)]), ('weight_decay', [(0, 1)]), ('x_horizon', [(288, 1)]), ('x_size', [(25, 1)]), ('y_features_size', [(24, 1)]), ('y_horizon', [(144, 1)]), ('y_size', [(1, 1)]), ('zero_sample_drop_rate', [(0.1, 1)])]
Loss function: R2
Combinations: [[6, 0]]
Losses: [0.9521342515945435]
Hyperparameters: [('batch_size', [(64, 1)]), ('criterion', [('MAE', 1)]), ('differencing', [('none', 1)]), ('features', [('occrate_occrate1week_dow_hod_week_holiday_zwickltag_lecture_lectureramp_test_exam_tutorium_registered_type', 1)]), ('forget_gate', [(True, 1)]), ('frequency', [('5min', 1)]), ('hidden_size', [(array([1024,  512]), 1)]), ('include_x_features', [(True, 1)]), ('info', [('Run 6: Direct comparison', 1)]), ('lr', [(0.0001, 1)]), ('max_n_updates', [(50000, 1)]), ('model_class', [('simple_densenet', 1)]), ('num_layers', [(3, 1)]), ('occcount', [(False, 1)]), ('weight_decay', [(0, 1)]), ('x_horizon', [(288, 1)]), ('x_size', [(25, 1)]), ('y_features_size', [(24, 1)]), ('y_horizon', [(144, 1)]), ('y_size', [(1, 1)]), ('zero_sample_drop_rate', [(0.1, 1)])]

#################
Data: val
Run: 0
Time: 2024-09-15 16:29:00
Loss function: MAE
Combinations: [[0, 1], [0, 2], [0, 0]]
Losses: [0.00044064081157557666, 0.0021206943783909082, 4.080401420593262]
Hyperparameters: [('batch_size', [(32, 3)]), ('criterion', [('BCE', 1), ('CE', 1), ('MAE', 1)]), ('differencing', [('none', 3)]), ('features', [('occpresence_lecture_lectureramp', 3)]), ('frequency', [('5min', 3)]), ('hidden_size', [(array([128]), 3)]), ('include_x_features', [(True, 3)]), ('info', [('Run 0: Densenet Presensce', 3)]), ('lr', [(0.0001, 3)]), ('max_n_updates', [(50000, 3)]), ('model_class', [('simple_densenet', 3)]), ('num_layers', [(1, 3)]), ('occcount', [(False, 3)]), ('weight_decay', [(0, 3)]), ('x_horizon', [(96, 3)]), ('x_size', [(4, 3)]), ('y_features_size', [(3, 3)]), ('y_horizon', [(24, 3)]), ('y_size', [(1, 3)]), ('zero_sample_drop_rate', [(0.1, 3)])]
Loss function: MSE
Combinations: [[0, 1], [0, 2], [0, 0]]
Losses: [7.554665353382006e-05, 0.0016939769266173244, 26.02788734436035]
Hyperparameters: [('batch_size', [(32, 3)]), ('criterion', [('BCE', 1), ('CE', 1), ('MAE', 1)]), ('differencing', [('none', 3)]), ('features', [('occpresence_lecture_lectureramp', 3)]), ('frequency', [('5min', 3)]), ('hidden_size', [(array([128]), 3)]), ('include_x_features', [(True, 3)]), ('info', [('Run 0: Densenet Presensce', 3)]), ('lr', [(0.0001, 3)]), ('max_n_updates', [(50000, 3)]), ('model_class', [('simple_densenet', 3)]), ('num_layers', [(1, 3)]), ('occcount', [(False, 3)]), ('weight_decay', [(0, 3)]), ('x_horizon', [(96, 3)]), ('x_size', [(4, 3)]), ('y_features_size', [(3, 3)]), ('y_horizon', [(24, 3)]), ('y_size', [(1, 3)]), ('zero_sample_drop_rate', [(0.1, 3)])]
Loss function: RMSE
Combinations: [[0, 1], [0, 2], [0, 0]]
Losses: [0.004015318118035793, 0.022079715505242348, 5.044548988342285]
Hyperparameters: [('batch_size', [(32, 3)]), ('criterion', [('BCE', 1), ('CE', 1), ('MAE', 1)]), ('differencing', [('none', 3)]), ('features', [('occpresence_lecture_lectureramp', 3)]), ('frequency', [('5min', 3)]), ('hidden_size', [(array([128]), 3)]), ('include_x_features', [(True, 3)]), ('info', [('Run 0: Densenet Presensce', 3)]), ('lr', [(0.0001, 3)]), ('max_n_updates', [(50000, 3)]), ('model_class', [('simple_densenet', 3)]), ('num_layers', [(1, 3)]), ('occcount', [(False, 3)]), ('weight_decay', [(0, 3)]), ('x_horizon', [(96, 3)]), ('x_size', [(4, 3)]), ('y_features_size', [(3, 3)]), ('y_horizon', [(24, 3)]), ('y_size', [(1, 3)]), ('zero_sample_drop_rate', [(0.1, 3)])]
Loss function: R2
Combinations: [[0, 1], [0, 2], [0, 0]]
Losses: [0.9996858239173889, 0.9928854703903198, -57.72734069824219]
Hyperparameters: [('batch_size', [(32, 3)]), ('criterion', [('BCE', 1), ('CE', 1), ('MAE', 1)]), ('differencing', [('none', 3)]), ('features', [('occpresence_lecture_lectureramp', 3)]), ('frequency', [('5min', 3)]), ('hidden_size', [(array([128]), 3)]), ('include_x_features', [(True, 3)]), ('info', [('Run 0: Densenet Presensce', 3)]), ('lr', [(0.0001, 3)]), ('max_n_updates', [(50000, 3)]), ('model_class', [('simple_densenet', 3)]), ('num_layers', [(1, 3)]), ('occcount', [(False, 3)]), ('weight_decay', [(0, 3)]), ('x_horizon', [(96, 3)]), ('x_size', [(4, 3)]), ('y_features_size', [(3, 3)]), ('y_horizon', [(24, 3)]), ('y_size', [(1, 3)]), ('zero_sample_drop_rate', [(0.1, 3)])]

#################
Data: train
Run: 0
Time: 2024-09-15 16:29:08
Loss function: MAE
Combinations: [[0, 1], [0, 2], [0, 0]]
Losses: [0.00020768490503542125, 0.001475315191783011, 4.179110050201416]
Hyperparameters: [('batch_size', [(32, 3)]), ('criterion', [('BCE', 1), ('CE', 1), ('MAE', 1)]), ('differencing', [('none', 3)]), ('features', [('occpresence_lecture_lectureramp', 3)]), ('frequency', [('5min', 3)]), ('hidden_size', [(array([128]), 3)]), ('include_x_features', [(True, 3)]), ('info', [('Run 0: Densenet Presensce', 3)]), ('lr', [(0.0001, 3)]), ('max_n_updates', [(50000, 3)]), ('model_class', [('simple_densenet', 3)]), ('num_layers', [(1, 3)]), ('occcount', [(False, 3)]), ('weight_decay', [(0, 3)]), ('x_horizon', [(96, 3)]), ('x_size', [(4, 3)]), ('y_features_size', [(3, 3)]), ('y_horizon', [(24, 3)]), ('y_size', [(1, 3)]), ('zero_sample_drop_rate', [(0.1, 3)])]
Loss function: MSE
Combinations: [[0, 1], [0, 2], [0, 0]]
Losses: [3.1898964607535163e-06, 0.0012924432521685958, 27.406360626220703]
Hyperparameters: [('batch_size', [(32, 3)]), ('criterion', [('BCE', 1), ('CE', 1), ('MAE', 1)]), ('differencing', [('none', 3)]), ('features', [('occpresence_lecture_lectureramp', 3)]), ('frequency', [('5min', 3)]), ('hidden_size', [(array([128]), 3)]), ('include_x_features', [(True, 3)]), ('info', [('Run 0: Densenet Presensce', 3)]), ('lr', [(0.0001, 3)]), ('max_n_updates', [(50000, 3)]), ('model_class', [('simple_densenet', 3)]), ('num_layers', [(1, 3)]), ('occcount', [(False, 3)]), ('weight_decay', [(0, 3)]), ('x_horizon', [(96, 3)]), ('x_size', [(4, 3)]), ('y_features_size', [(3, 3)]), ('y_horizon', [(24, 3)]), ('y_size', [(1, 3)]), ('zero_sample_drop_rate', [(0.1, 3)])]
Loss function: RMSE
Combinations: [[0, 1], [0, 2], [0, 0]]
Losses: [0.0011066158767789602, 0.019572289660573006, 5.187047004699707]
Hyperparameters: [('batch_size', [(32, 3)]), ('criterion', [('BCE', 1), ('CE', 1), ('MAE', 1)]), ('differencing', [('none', 3)]), ('features', [('occpresence_lecture_lectureramp', 3)]), ('frequency', [('5min', 3)]), ('hidden_size', [(array([128]), 3)]), ('include_x_features', [(True, 3)]), ('info', [('Run 0: Densenet Presensce', 3)]), ('lr', [(0.0001, 3)]), ('max_n_updates', [(50000, 3)]), ('model_class', [('simple_densenet', 3)]), ('num_layers', [(1, 3)]), ('occcount', [(False, 3)]), ('weight_decay', [(0, 3)]), ('x_horizon', [(96, 3)]), ('x_size', [(4, 3)]), ('y_features_size', [(3, 3)]), ('y_horizon', [(24, 3)]), ('y_size', [(1, 3)]), ('zero_sample_drop_rate', [(0.1, 3)])]
Loss function: R2
Combinations: [[0, 1], [0, 2], [0, 0]]
Losses: [0.999878466129303, 0.979136049747467, -218.2432861328125]
Hyperparameters: [('batch_size', [(32, 3)]), ('criterion', [('BCE', 1), ('CE', 1), ('MAE', 1)]), ('differencing', [('none', 3)]), ('features', [('occpresence_lecture_lectureramp', 3)]), ('frequency', [('5min', 3)]), ('hidden_size', [(array([128]), 3)]), ('include_x_features', [(True, 3)]), ('info', [('Run 0: Densenet Presensce', 3)]), ('lr', [(0.0001, 3)]), ('max_n_updates', [(50000, 3)]), ('model_class', [('simple_densenet', 3)]), ('num_layers', [(1, 3)]), ('occcount', [(False, 3)]), ('weight_decay', [(0, 3)]), ('x_horizon', [(96, 3)]), ('x_size', [(4, 3)]), ('y_features_size', [(3, 3)]), ('y_horizon', [(24, 3)]), ('y_size', [(1, 3)]), ('zero_sample_drop_rate', [(0.1, 3)])]

