#################
Data: train
Run: 10
Time: 2024-09-23 12:17:14
Loss function: MAECombinations: [[10, 10], [10, 2], [10, 6], [10, 14], [10, 15], [10, 11], [10, 12], [10, 13], [10, 8]]
Losses: [10.857142448425293, 11.108843803405762, 11.93197250366211, 14.911564826965332, 15.020408630371094, 15.142857551574707, 15.782313346862793, 17.26530647277832, 54.42176818847656]
Baseline losses: [9.93197250366211, 9.93197250366211, 9.93197250366211, 9.93197250366211, 9.93197250366211, 9.93197250366211, 9.93197250366211, 9.93197250366211, 9.93197250366211]
Loss function: MSECombinations: [[10, 10], [10, 2], [10, 6], [10, 12], [10, 15], [10, 14], [10, 11], [10, 13], [10, 8]]
Losses: [293.1292419433594, 355.3537292480469, 394.19049072265625, 582.29931640625, 605.646240234375, 613.4829711914062, 670.9251708984375, 752.802734375, 4166.2177734375]
Baseline losses: [245.2108917236328, 245.2108917236328, 245.2108917236328, 245.2108917236328, 245.2108917236328, 245.2108917236328, 245.2108917236328, 245.2108917236328, 245.2108917236328]
Loss function: RMSECombinations: [[10, 10], [10, 2], [10, 6], [10, 14], [10, 15], [10, 11], [10, 12], [10, 13], [10, 8]]
Losses: [10.857142448425293, 11.108843803405762, 11.93197250366211, 14.911564826965332, 15.020408630371094, 15.142857551574707, 15.782313346862793, 17.26530647277832, 54.42176818847656]
Baseline losses: [9.93197250366211, 9.93197250366211, 9.93197250366211, 9.93197250366211, 9.93197250366211, 9.93197250366211, 9.93197250366211, 9.93197250366211, 9.93197250366211]

#################
Data: val
Run: 10
Time: 2024-09-23 12:17:17
Loss function: MAECombinations: [[10, 10], [10, 6], [10, 11], [10, 14], [10, 12], [10, 15], [10, 13], [10, 2], [10, 8]]
Losses: [9.945945739746094, 11.405405044555664, 12.486486434936523, 12.810811042785645, 12.91891860961914, 12.91891860961914, 13.405405044555664, 13.594594955444336, 63.621620178222656]
Baseline losses: [10.675675392150879, 10.675675392150879, 10.675675392150879, 10.675675392150879, 10.675675392150879, 10.675675392150879, 10.675675392150879, 10.675675392150879, 10.675675392150879]
Loss function: MSECombinations: [[10, 10], [10, 6], [10, 12], [10, 15], [10, 13], [10, 14], [10, 11], [10, 2], [10, 8]]
Losses: [171.45945739746094, 362.8108215332031, 394.54052734375, 394.54052734375, 414.6486511230469, 427.29730224609375, 458.43243408203125, 616.45947265625, 4962.4326171875]
Baseline losses: [208.45945739746094, 208.45945739746094, 208.45945739746094, 208.45945739746094, 208.45945739746094, 208.45945739746094, 208.45945739746094, 208.45945739746094, 208.45945739746094]
Loss function: RMSECombinations: [[10, 10], [10, 6], [10, 11], [10, 14], [10, 12], [10, 15], [10, 13], [10, 2], [10, 8]]
Losses: [9.945945739746094, 11.405405044555664, 12.486486434936523, 12.810811042785645, 12.91891860961914, 12.91891860961914, 13.405405044555664, 13.594594955444336, 63.621620178222656]
Baseline losses: [10.675675392150879, 10.675675392150879, 10.675675392150879, 10.675675392150879, 10.675675392150879, 10.675675392150879, 10.675675392150879, 10.675675392150879, 10.675675392150879]

#################
Data: train
Run: 10
Time: 2024-09-23 12:18:01
Loss function: MAE
Combinations: [[10, 10], [10, 2], [10, 6], [10, 14], [10, 15], [10, 11], [10, 12], [10, 13], [10, 8]]
Losses: [10.857142448425293, 11.108843803405762, 11.93197250366211, 14.911564826965332, 15.020408630371094, 15.142857551574707, 15.782313346862793, 17.26530647277832, 54.42176818847656]
Baseline losses: [9.93197250366211, 9.93197250366211, 9.93197250366211, 9.93197250366211, 9.93197250366211, 9.93197250366211, 9.93197250366211, 9.93197250366211, 9.93197250366211]
Loss function: MSE
Combinations: [[10, 10], [10, 2], [10, 6], [10, 12], [10, 15], [10, 14], [10, 11], [10, 13], [10, 8]]
Losses: [293.1292419433594, 355.3537292480469, 394.19049072265625, 582.29931640625, 605.646240234375, 613.4829711914062, 670.9251708984375, 752.802734375, 4166.2177734375]
Baseline losses: [245.2108917236328, 245.2108917236328, 245.2108917236328, 245.2108917236328, 245.2108917236328, 245.2108917236328, 245.2108917236328, 245.2108917236328, 245.2108917236328]
Loss function: RMSE
Combinations: [[10, 10], [10, 2], [10, 6], [10, 14], [10, 15], [10, 11], [10, 12], [10, 13], [10, 8]]
Losses: [10.857142448425293, 11.108843803405762, 11.93197250366211, 14.911564826965332, 15.020408630371094, 15.142857551574707, 15.782313346862793, 17.26530647277832, 54.42176818847656]
Baseline losses: [9.93197250366211, 9.93197250366211, 9.93197250366211, 9.93197250366211, 9.93197250366211, 9.93197250366211, 9.93197250366211, 9.93197250366211, 9.93197250366211]

#################
Data: val
Run: 10
Time: 2024-09-23 12:18:04
Loss function: MAE
Combinations: [[10, 10], [10, 6], [10, 11], [10, 14], [10, 12], [10, 15], [10, 13], [10, 2], [10, 8]]
Losses: [9.945945739746094, 11.405405044555664, 12.486486434936523, 12.810811042785645, 12.91891860961914, 12.91891860961914, 13.405405044555664, 13.594594955444336, 63.621620178222656]
Baseline losses: [10.675675392150879, 10.675675392150879, 10.675675392150879, 10.675675392150879, 10.675675392150879, 10.675675392150879, 10.675675392150879, 10.675675392150879, 10.675675392150879]
Loss function: MSE
Combinations: [[10, 10], [10, 6], [10, 12], [10, 15], [10, 13], [10, 14], [10, 11], [10, 2], [10, 8]]
Losses: [171.45945739746094, 362.8108215332031, 394.54052734375, 394.54052734375, 414.6486511230469, 427.29730224609375, 458.43243408203125, 616.45947265625, 4962.4326171875]
Baseline losses: [208.45945739746094, 208.45945739746094, 208.45945739746094, 208.45945739746094, 208.45945739746094, 208.45945739746094, 208.45945739746094, 208.45945739746094, 208.45945739746094]
Loss function: RMSE
Combinations: [[10, 10], [10, 6], [10, 11], [10, 14], [10, 12], [10, 15], [10, 13], [10, 2], [10, 8]]
Losses: [9.945945739746094, 11.405405044555664, 12.486486434936523, 12.810811042785645, 12.91891860961914, 12.91891860961914, 13.405405044555664, 13.594594955444336, 63.621620178222656]
Baseline losses: [10.675675392150879, 10.675675392150879, 10.675675392150879, 10.675675392150879, 10.675675392150879, 10.675675392150879, 10.675675392150879, 10.675675392150879, 10.675675392150879]

#################
Data: train
Run: 10
Time: 2024-09-23 12:18:49
Loss function: MAE
Combinations: [[10, 10], [10, 2], [10, 6], [10, 14], [10, 15], [10, 11], [10, 12], [10, 13], [10, 8]]
Losses: [10.857142448425293, 11.108843803405762, 11.93197250366211, 14.911564826965332, 15.020408630371094, 15.142857551574707, 15.782313346862793, 17.26530647277832, 54.42176818847656]
Baseline losses: [9.93197250366211, 9.93197250366211, 9.93197250366211, 9.93197250366211, 9.93197250366211, 9.93197250366211, 9.93197250366211, 9.93197250366211, 9.93197250366211]
Loss function: MSE
Combinations: [[10, 10], [10, 2], [10, 6], [10, 12], [10, 15], [10, 14], [10, 11], [10, 13], [10, 8]]
Losses: [293.1292419433594, 355.3537292480469, 394.19049072265625, 582.29931640625, 605.646240234375, 613.4829711914062, 670.9251708984375, 752.802734375, 4166.2177734375]
Baseline losses: [245.2108917236328, 245.2108917236328, 245.2108917236328, 245.2108917236328, 245.2108917236328, 245.2108917236328, 245.2108917236328, 245.2108917236328, 245.2108917236328]
Loss function: RMSE
Combinations: [[10, 10], [10, 2], [10, 6], [10, 14], [10, 15], [10, 11], [10, 12], [10, 13], [10, 8]]
Losses: [10.857142448425293, 11.108843803405762, 11.93197250366211, 14.911564826965332, 15.020408630371094, 15.142857551574707, 15.782313346862793, 17.26530647277832, 54.42176818847656]
Baseline losses: [9.93197250366211, 9.93197250366211, 9.93197250366211, 9.93197250366211, 9.93197250366211, 9.93197250366211, 9.93197250366211, 9.93197250366211, 9.93197250366211]

#################
Data: val
Run: 10
Time: 2024-09-23 12:18:52
Loss function: MAE
Combinations: [[10, 10], [10, 6], [10, 11], [10, 14], [10, 12], [10, 15], [10, 13], [10, 2], [10, 8]]
Losses: [9.945945739746094, 11.405405044555664, 12.486486434936523, 12.810811042785645, 12.91891860961914, 12.91891860961914, 13.405405044555664, 13.594594955444336, 63.621620178222656]
Baseline losses: [10.675675392150879, 10.675675392150879, 10.675675392150879, 10.675675392150879, 10.675675392150879, 10.675675392150879, 10.675675392150879, 10.675675392150879, 10.675675392150879]
Loss function: MSE
Combinations: [[10, 10], [10, 6], [10, 12], [10, 15], [10, 13], [10, 14], [10, 11], [10, 2], [10, 8]]
Losses: [171.45945739746094, 362.8108215332031, 394.54052734375, 394.54052734375, 414.6486511230469, 427.29730224609375, 458.43243408203125, 616.45947265625, 4962.4326171875]
Baseline losses: [208.45945739746094, 208.45945739746094, 208.45945739746094, 208.45945739746094, 208.45945739746094, 208.45945739746094, 208.45945739746094, 208.45945739746094, 208.45945739746094]
Loss function: RMSE
Combinations: [[10, 10], [10, 6], [10, 11], [10, 14], [10, 12], [10, 15], [10, 13], [10, 2], [10, 8]]
Losses: [9.945945739746094, 11.405405044555664, 12.486486434936523, 12.810811042785645, 12.91891860961914, 12.91891860961914, 13.405405044555664, 13.594594955444336, 63.621620178222656]
Baseline losses: [10.675675392150879, 10.675675392150879, 10.675675392150879, 10.675675392150879, 10.675675392150879, 10.675675392150879, 10.675675392150879, 10.675675392150879, 10.675675392150879]



#################
Data: train
Run: 11
Time: 2024-09-23 14:20:48
Loss function: MAE
Combinations: [[11, 7], [11, 8], [11, 4], [11, 3], [11, 6], [11, 5], [11, 2], [11, 1]]
Losses: [1.1088435649871826, 1.1428571939468384, 1.523809552192688, 1.8095238208770752, 5.823129177093506, 6.959183692932129, 9.006802558898926, 11.56462574005127]
Baseline losses: [1.9387755393981934, 1.9387755393981934, 1.9387755393981934, 1.9387755393981934, 9.93197250366211, 9.93197250366211, 9.93197250366211, 9.93197250366211]
Loss function: MSE
Combinations: [[11, 8], [11, 7], [11, 4], [11, 3], [11, 6], [11, 5], [11, 2], [11, 1]]
Losses: [3.8775510787963867, 4.278911590576172, 5.1156463623046875, 12.258502960205078, 117.78231048583984, 200.70068359375, 228.80271911621094, 454.2585144042969]
Baseline losses: [9.517006874084473, 9.517006874084473, 9.517006874084473, 9.517006874084473, 245.2108917236328, 245.2108917236328, 245.2108917236328, 245.2108917236328]
Loss function: RMSE
Combinations: [[11, 7], [11, 8], [11, 4], [11, 3], [11, 6], [11, 5], [11, 2], [11, 1]]
Losses: [1.1088435649871826, 1.1428571939468384, 1.523809552192688, 1.8095238208770752, 5.823129177093506, 6.959183692932129, 9.006802558898926, 11.56462574005127]
Baseline losses: [1.9387755393981934, 1.9387755393981934, 1.9387755393981934, 1.9387755393981934, 9.93197250366211, 9.93197250366211, 9.93197250366211, 9.93197250366211]

#################
Data: val
Run: 11
Time: 2024-09-23 14:20:50
Loss function: MAE
Combinations: [[11, 7], [11, 8], [11, 3], [11, 4], [11, 5], [11, 1], [11, 6], [11, 2]]
Losses: [1.6216216087341309, 1.8108108043670654, 1.8918918371200562, 2.324324369430542, 8.702702522277832, 9.702702522277832, 10.621622085571289, 11.729729652404785]
Baseline losses: [2.0810811519622803, 2.0810811519622803, 2.0810811519622803, 2.0810811519622803, 10.675675392150879, 10.675675392150879, 10.675675392150879, 10.675675392150879]
Loss function: MSE
Combinations: [[11, 7], [11, 8], [11, 3], [11, 4], [11, 5], [11, 6], [11, 1], [11, 2]]
Losses: [5.513513565063477, 6.45945930480957, 9.945945739746094, 13.513513565063477, 148.70269775390625, 235.59458923339844, 277.4864807128906, 333.7837829589844]
Baseline losses: [8.13513469696045, 8.13513469696045, 8.13513469696045, 8.13513469696045, 208.45945739746094, 208.45945739746094, 208.45945739746094, 208.45945739746094]
Loss function: RMSE
Combinations: [[11, 7], [11, 8], [11, 3], [11, 4], [11, 5], [11, 1], [11, 6], [11, 2]]
Losses: [1.6216216087341309, 1.8108108043670654, 1.8918918371200562, 2.324324369430542, 8.702702522277832, 9.702702522277832, 10.621622085571289, 11.729729652404785]
Baseline losses: [2.0810811519622803, 2.0810811519622803, 2.0810811519622803, 2.0810811519622803, 10.675675392150879, 10.675675392150879, 10.675675392150879, 10.675675392150879]

#################
Data: train
Run: 11
Time: 2024-09-23 16:15:48
Loss function: MAE
Combinations: [[11, 1], [11, 7], [11, 4], [11, 6], [11, 3], [11, 2], [11, 5], [11, 0]]
Losses: [9.965986251831055, 10.176870346069336, 10.258502960205078, 14.163265228271484, 15.251700401306152, 15.523809432983398, 15.557823181152344, 25.27210807800293]
Baseline losses: [9.93197250366211, 9.93197250366211, 9.93197250366211, 9.93197250366211, 9.93197250366211, 9.93197250366211, 9.93197250366211, 9.93197250366211]
Loss function: MSE
Combinations: [[11, 7], [11, 1], [11, 4], [11, 6], [11, 3], [11, 2], [11, 5], [11, 0]]
Losses: [265.2244873046875, 297.7074890136719, 326.2312927246094, 577.5646362304688, 663.0067749023438, 679.755126953125, 681.6802978515625, 1515.0816650390625]
Baseline losses: [245.2108917236328, 245.2108917236328, 245.2108917236328, 245.2108917236328, 245.2108917236328, 245.2108917236328, 245.2108917236328, 245.2108917236328]
Loss function: RMSE
Combinations: [[11, 1], [11, 7], [11, 4], [11, 6], [11, 3], [11, 2], [11, 5], [11, 0]]
Losses: [9.965986251831055, 10.176870346069336, 10.258502960205078, 14.163265228271484, 15.251700401306152, 15.523809432983398, 15.557823181152344, 25.27210807800293]
Baseline losses: [9.93197250366211, 9.93197250366211, 9.93197250366211, 9.93197250366211, 9.93197250366211, 9.93197250366211, 9.93197250366211, 9.93197250366211]

#################
Data: val
Run: 11
Time: 2024-09-23 16:15:50
Loss function: MAE
Combinations: [[11, 7], [11, 4], [11, 3], [11, 2], [11, 5], [11, 1], [11, 6], [11, 0]]
Losses: [9.91891860961914, 11.702702522277832, 12.513513565063477, 12.783783912658691, 12.972972869873047, 13.108108520507812, 13.513513565063477, 21.810810089111328]
Baseline losses: [10.675675392150879, 10.675675392150879, 10.675675392150879, 10.675675392150879, 10.675675392150879, 10.675675392150879, 10.675675392150879, 10.675675392150879]
Loss function: MSE
Combinations: [[11, 7], [11, 4], [11, 3], [11, 2], [11, 5], [11, 1], [11, 6], [11, 0]]
Losses: [211.64865112304688, 359.43243408203125, 442.6216125488281, 462.02703857421875, 467.89190673828125, 475.3243103027344, 525.5675659179688, 1133.7027587890625]
Baseline losses: [208.45945739746094, 208.45945739746094, 208.45945739746094, 208.45945739746094, 208.45945739746094, 208.45945739746094, 208.45945739746094, 208.45945739746094]
Loss function: RMSE
Combinations: [[11, 7], [11, 4], [11, 3], [11, 2], [11, 5], [11, 1], [11, 6], [11, 0]]
Losses: [9.91891860961914, 11.702702522277832, 12.513513565063477, 12.783783912658691, 12.972972869873047, 13.108108520507812, 13.513513565063477, 21.810810089111328]
Baseline losses: [10.675675392150879, 10.675675392150879, 10.675675392150879, 10.675675392150879, 10.675675392150879, 10.675675392150879, 10.675675392150879, 10.675675392150879]



#################
Data: train
Run: 0
Time: 2024-09-23 19:08:29
Loss function: MAE
Combinations: [[0, 20], [0, 23], [0, 28], [0, 30], [0, 27], [0, 25], [0, 29], [0, 18], [0, 11], [0, 13], [0, 10], [0, 22], [0, 7], [0, 24], [0, 19], [0, 8], [0, 17], [0, 16], [0, 0], [0, 26], [0, 12], [0, 21], [0, 1], [0, 6], [0, 14], [0, 15], [0, 9], [0, 3], [0, 2], [0, 4], [0, 5]]
Losses: [0.06674953550100327, 0.06776022166013718, 0.06999868899583817, 0.0727090835571289, 0.07461807131767273, 0.07582072913646698, 0.0764620378613472, 0.07736853510141373, 0.08028639853000641, 0.08112389594316483, 0.08463738858699799, 0.08664410561323166, 0.10659366101026535, 0.11160306632518768, 0.11217381805181503, 0.11713321506977081, 0.11826397478580475, 0.11931603401899338, 0.12227585166692734, 0.12536810338497162, 0.1256413757801056, 0.12620118260383606, 0.12979459762573242, 0.13292589783668518, 0.15596115589141846, 0.16350090503692627, 0.16357195377349854, 0.18603840470314026, 0.1867731809616089, 0.27925142645835876, 0.34316518902778625]
Baseline losses: [0.12961392104625702, 0.12961392104625702, 0.12961392104625702, 0.12961392104625702, 0.12961392104625702, 0.12961392104625702, 0.12961392104625702, 0.12961392104625702, 0.12961392104625702, 0.12961392104625702, 0.12961392104625702, 0.12961392104625702, 0.12961392104625702, 0.12961392104625702, 0.12961392104625702, 0.12961392104625702, 0.12961392104625702, 0.12961392104625702, 0.12961392104625702, 0.12961392104625702, 0.12961392104625702, 0.12961392104625702, 0.12961392104625702, 0.12961392104625702, 0.12961392104625702, 0.12961392104625702, 0.12961392104625702, 0.12961392104625702, 0.12961392104625702, 0.12961392104625702, 0.12961392104625702]
Loss function: MSE
Combinations: [[0, 18], [0, 23], [0, 20], [0, 25], [0, 27], [0, 28], [0, 11], [0, 13], [0, 30], [0, 22], [0, 29], [0, 10], [0, 7], [0, 24], [0, 8], [0, 19], [0, 17], [0, 0], [0, 16], [0, 21], [0, 12], [0, 26], [0, 1], [0, 6], [0, 14], [0, 15], [0, 2], [0, 3], [0, 9], [0, 4], [0, 5]]
Losses: [0.01702437363564968, 0.01873590424656868, 0.018875673413276672, 0.019417179748415947, 0.020365241914987564, 0.020954683423042297, 0.021585477516055107, 0.022585799917578697, 0.02280374988913536, 0.023671384900808334, 0.023736383765935898, 0.024621931836009026, 0.03235582262277603, 0.03730567544698715, 0.0385824479162693, 0.04077867418527603, 0.042835600674152374, 0.043966881930828094, 0.0443095862865448, 0.04590652137994766, 0.04691562056541443, 0.048599231988191605, 0.053341977298259735, 0.05347954109311104, 0.07639317959547043, 0.08535934239625931, 0.08559541404247284, 0.08755183219909668, 0.09144654870033264, 0.1042901799082756, 0.13869161903858185]
Baseline losses: [0.06424906104803085, 0.06424906104803085, 0.06424906104803085, 0.06424906104803085, 0.06424906104803085, 0.06424906104803085, 0.06424906104803085, 0.06424906104803085, 0.06424906104803085, 0.06424906104803085, 0.06424906104803085, 0.06424906104803085, 0.06424906104803085, 0.06424906104803085, 0.06424906104803085, 0.06424906104803085, 0.06424906104803085, 0.06424906104803085, 0.06424906104803085, 0.06424906104803085, 0.06424906104803085, 0.06424906104803085, 0.06424906104803085, 0.06424906104803085, 0.06424906104803085, 0.06424906104803085, 0.06424906104803085, 0.06424906104803085, 0.06424906104803085, 0.06424906104803085, 0.06424906104803085]
Loss function: RMSE
Combinations: [[0, 20], [0, 23], [0, 28], [0, 30], [0, 27], [0, 25], [0, 29], [0, 18], [0, 11], [0, 13], [0, 10], [0, 22], [0, 7], [0, 24], [0, 19], [0, 8], [0, 17], [0, 16], [0, 0], [0, 26], [0, 12], [0, 21], [0, 1], [0, 6], [0, 14], [0, 15], [0, 9], [0, 3], [0, 2], [0, 4], [0, 5]]
Losses: [0.06674953550100327, 0.06776022166013718, 0.06999868899583817, 0.0727090835571289, 0.07461807131767273, 0.07582072913646698, 0.0764620378613472, 0.07736853510141373, 0.08028639853000641, 0.08112389594316483, 0.08463738858699799, 0.08664410561323166, 0.10659366101026535, 0.11160306632518768, 0.11217381805181503, 0.11713321506977081, 0.11826397478580475, 0.11931603401899338, 0.12227585166692734, 0.12536810338497162, 0.1256413757801056, 0.12620118260383606, 0.12979459762573242, 0.13292589783668518, 0.15596115589141846, 0.16350090503692627, 0.16357195377349854, 0.18603840470314026, 0.1867731809616089, 0.27925142645835876, 0.34316518902778625]
Baseline losses: [0.12961392104625702, 0.12961392104625702, 0.12961392104625702, 0.12961392104625702, 0.12961392104625702, 0.12961392104625702, 0.12961392104625702, 0.12961392104625702, 0.12961392104625702, 0.12961392104625702, 0.12961392104625702, 0.12961392104625702, 0.12961392104625702, 0.12961392104625702, 0.12961392104625702, 0.12961392104625702, 0.12961392104625702, 0.12961392104625702, 0.12961392104625702, 0.12961392104625702, 0.12961392104625702, 0.12961392104625702, 0.12961392104625702, 0.12961392104625702, 0.12961392104625702, 0.12961392104625702, 0.12961392104625702, 0.12961392104625702, 0.12961392104625702, 0.12961392104625702, 0.12961392104625702]

#################
Data: train
Run: 1
Time: 2024-09-23 19:08:32
Loss function: MAE
Combinations: [[1, 1], [1, 2], [1, 3], [1, 0]]
Losses: [0.027702759951353073, 0.035540565848350525, 0.037205521017313004, 0.044829271733760834]
Baseline losses: [0.12961392104625702, 0.12961392104625702, 0.12961392104625702, 0.12961392104625702]
Loss function: MSE
Combinations: [[1, 1], [1, 2], [1, 3], [1, 0]]
Losses: [0.009211958386003971, 0.009583167731761932, 0.009748251177370548, 0.011234359815716743]
Baseline losses: [0.06424906104803085, 0.06424906104803085, 0.06424906104803085, 0.06424906104803085]
Loss function: RMSE
Combinations: [[1, 1], [1, 2], [1, 3], [1, 0]]
Losses: [0.027702759951353073, 0.035540565848350525, 0.037205521017313004, 0.044829271733760834]
Baseline losses: [0.12961392104625702, 0.12961392104625702, 0.12961392104625702, 0.12961392104625702]

#################
Data: val
Run: 0
Time: 2024-09-23 19:08:41
Loss function: MAE
Combinations: [[0, 29], [0, 20], [0, 12], [0, 27], [0, 10], [0, 7], [0, 21], [0, 23], [0, 16], [0, 11], [0, 26], [0, 18], [0, 17], [0, 0], [0, 28], [0, 19], [0, 6], [0, 8], [0, 25], [0, 24], [0, 13], [0, 30], [0, 1], [0, 22], [0, 14], [0, 15], [0, 2], [0, 9], [0, 3], [0, 4], [0, 5]]
Losses: [0.06117478013038635, 0.06480799615383148, 0.06972550600767136, 0.06986033916473389, 0.07092083245515823, 0.07137633860111237, 0.07176021486520767, 0.07242706418037415, 0.07270380109548569, 0.0744786188006401, 0.07517830282449722, 0.07711801677942276, 0.0776849314570427, 0.077872134745121, 0.0779634341597557, 0.07902844995260239, 0.07908455282449722, 0.08128704130649567, 0.08166370540857315, 0.08308299630880356, 0.08363805711269379, 0.08412135392427444, 0.08708678185939789, 0.09614253044128418, 0.11770409345626831, 0.12903431057929993, 0.12976667284965515, 0.13074593245983124, 0.13077645003795624, 0.25142937898635864, 0.3203338384628296]
Baseline losses: [0.11410211771726608, 0.11410211771726608, 0.11410211771726608, 0.11410211771726608, 0.11410211771726608, 0.11410211771726608, 0.11410211771726608, 0.11410211771726608, 0.11410211771726608, 0.11410211771726608, 0.11410211771726608, 0.11410211771726608, 0.11410211771726608, 0.11410211771726608, 0.11410211771726608, 0.11410211771726608, 0.11410211771726608, 0.11410211771726608, 0.11410211771726608, 0.11410211771726608, 0.11410211771726608, 0.11410211771726608, 0.11410211771726608, 0.11410211771726608, 0.11410211771726608, 0.11410211771726608, 0.11410211771726608, 0.11410211771726608, 0.11410211771726608, 0.11410211771726608, 0.11410211771726608]
Loss function: MSE
Combinations: [[0, 20], [0, 7], [0, 27], [0, 29], [0, 10], [0, 18], [0, 11], [0, 16], [0, 28], [0, 12], [0, 21], [0, 23], [0, 13], [0, 25], [0, 26], [0, 30], [0, 17], [0, 19], [0, 0], [0, 24], [0, 6], [0, 8], [0, 22], [0, 1], [0, 14], [0, 2], [0, 15], [0, 3], [0, 9], [0, 4], [0, 5]]
Losses: [0.008932557888329029, 0.009038211777806282, 0.009205038659274578, 0.010017278604209423, 0.010374188423156738, 0.010473580099642277, 0.01074791606515646, 0.010931876488029957, 0.011629942804574966, 0.011866998858749866, 0.011877956800162792, 0.012957833707332611, 0.013470711186528206, 0.01360266748815775, 0.014108105562627316, 0.014396237209439278, 0.014922760426998138, 0.015394334681332111, 0.015784448012709618, 0.016094353049993515, 0.016690172255039215, 0.01825588010251522, 0.019035110250115395, 0.021250098943710327, 0.04355594888329506, 0.052466485649347305, 0.052475567907094955, 0.052624817937612534, 0.0542537122964859, 0.07775279134511948, 0.11585626006126404]
Baseline losses: [0.026968752965331078, 0.026968752965331078, 0.026968752965331078, 0.026968752965331078, 0.026968752965331078, 0.026968752965331078, 0.026968752965331078, 0.026968752965331078, 0.026968752965331078, 0.026968752965331078, 0.026968752965331078, 0.026968752965331078, 0.026968752965331078, 0.026968752965331078, 0.026968752965331078, 0.026968752965331078, 0.026968752965331078, 0.026968752965331078, 0.026968752965331078, 0.026968752965331078, 0.026968752965331078, 0.026968752965331078, 0.026968752965331078, 0.026968752965331078, 0.026968752965331078, 0.026968752965331078, 0.026968752965331078, 0.026968752965331078, 0.026968752965331078, 0.026968752965331078, 0.026968752965331078]
Loss function: RMSE
Combinations: [[0, 29], [0, 20], [0, 12], [0, 27], [0, 10], [0, 7], [0, 21], [0, 23], [0, 16], [0, 11], [0, 26], [0, 18], [0, 17], [0, 0], [0, 28], [0, 19], [0, 6], [0, 8], [0, 25], [0, 24], [0, 13], [0, 30], [0, 1], [0, 22], [0, 14], [0, 15], [0, 2], [0, 9], [0, 3], [0, 4], [0, 5]]
Losses: [0.06117478013038635, 0.06480799615383148, 0.06972550600767136, 0.06986033916473389, 0.07092083245515823, 0.07137633860111237, 0.07176021486520767, 0.07242706418037415, 0.07270380109548569, 0.0744786188006401, 0.07517830282449722, 0.07711801677942276, 0.0776849314570427, 0.077872134745121, 0.0779634341597557, 0.07902844995260239, 0.07908455282449722, 0.08128704130649567, 0.08166370540857315, 0.08308299630880356, 0.08363805711269379, 0.08412135392427444, 0.08708678185939789, 0.09614253044128418, 0.11770409345626831, 0.12903431057929993, 0.12976667284965515, 0.13074593245983124, 0.13077645003795624, 0.25142937898635864, 0.3203338384628296]
Baseline losses: [0.11410211771726608, 0.11410211771726608, 0.11410211771726608, 0.11410211771726608, 0.11410211771726608, 0.11410211771726608, 0.11410211771726608, 0.11410211771726608, 0.11410211771726608, 0.11410211771726608, 0.11410211771726608, 0.11410211771726608, 0.11410211771726608, 0.11410211771726608, 0.11410211771726608, 0.11410211771726608, 0.11410211771726608, 0.11410211771726608, 0.11410211771726608, 0.11410211771726608, 0.11410211771726608, 0.11410211771726608, 0.11410211771726608, 0.11410211771726608, 0.11410211771726608, 0.11410211771726608, 0.11410211771726608, 0.11410211771726608, 0.11410211771726608, 0.11410211771726608, 0.11410211771726608]

#################
Data: train
Run: 1
Time: 2024-09-23 19:11:15
Loss function: MAE
Combinations: [[1, 1], [1, 2], [1, 3], [1, 0], [1, 4], [1, 5]]
Losses: [0.027702759951353073, 0.035540565848350525, 0.037205521017313004, 0.044829271733760834, 0.0545615628361702, 0.06554486602544785]
Baseline losses: [0.12961392104625702, 0.12961392104625702, 0.12961392104625702, 0.12961392104625702, 0.12961392104625702, 0.12961392104625702]
Loss function: MSE
Combinations: [[1, 1], [1, 2], [1, 3], [1, 0], [1, 4], [1, 5]]
Losses: [0.009211958386003971, 0.009583167731761932, 0.009748251177370548, 0.011234359815716743, 0.012723415158689022, 0.016583256423473358]
Baseline losses: [0.06424906104803085, 0.06424906104803085, 0.06424906104803085, 0.06424906104803085, 0.06424906104803085, 0.06424906104803085]
Loss function: RMSE
Combinations: [[1, 1], [1, 2], [1, 3], [1, 0], [1, 4], [1, 5]]
Losses: [0.027702759951353073, 0.035540565848350525, 0.037205521017313004, 0.044829271733760834, 0.0545615628361702, 0.06554486602544785]
Baseline losses: [0.12961392104625702, 0.12961392104625702, 0.12961392104625702, 0.12961392104625702, 0.12961392104625702, 0.12961392104625702]

#################
Data: val
Run: 1
Time: 2024-09-23 19:11:17
Loss function: MAE
Combinations: [[1, 2], [1, 4], [1, 0], [1, 1], [1, 3], [1, 5]]
Losses: [0.06823841482400894, 0.07126522064208984, 0.07215523719787598, 0.07785385847091675, 0.08580898493528366, 0.09745654463768005]
Baseline losses: [0.11410211771726608, 0.11410211771726608, 0.11410211771726608, 0.11410211771726608, 0.11410211771726608, 0.11410211771726608]
Loss function: MSE
Combinations: [[1, 4], [1, 2], [1, 0], [1, 1], [1, 3], [1, 5]]
Losses: [0.008436625823378563, 0.011936267837882042, 0.012230527587234974, 0.01300764549523592, 0.015689188614487648, 0.01921413466334343]
Baseline losses: [0.026968752965331078, 0.026968752965331078, 0.026968752965331078, 0.026968752965331078, 0.026968752965331078, 0.026968752965331078]
Loss function: RMSE
Combinations: [[1, 2], [1, 4], [1, 0], [1, 1], [1, 3], [1, 5]]
Losses: [0.06823841482400894, 0.07126522064208984, 0.07215523719787598, 0.07785385847091675, 0.08580898493528366, 0.09745654463768005]
Baseline losses: [0.11410211771726608, 0.11410211771726608, 0.11410211771726608, 0.11410211771726608, 0.11410211771726608, 0.11410211771726608]



#################
Data: train
Run: 1
Time: 2024-09-23 19:15:14
Loss function: MAE
Combinations: [[1, 1], [1, 5], [1, 2], [1, 3], [1, 6], [1, 0], [1, 4], [1, 7]]
Losses: [0.027702759951353073, 0.03248133882880211, 0.035540565848350525, 0.037205521017313004, 0.03813724219799042, 0.044829271733760834, 0.0545615628361702, 0.11673694849014282]
Baseline losses: [0.12961392104625702, 0.12961392104625702, 0.12961392104625702, 0.12961392104625702, 0.12961392104625702, 0.12961392104625702, 0.12961392104625702, 0.12961392104625702]
Loss function: MSE
Combinations: [[1, 6], [1, 1], [1, 5], [1, 2], [1, 3], [1, 0], [1, 4], [1, 7]]
Losses: [0.00855659507215023, 0.009211958386003971, 0.009291968308389187, 0.009583167731761932, 0.009748251177370548, 0.011234359815716743, 0.012723415158689022, 0.04170617461204529]
Baseline losses: [0.06424906104803085, 0.06424906104803085, 0.06424906104803085, 0.06424906104803085, 0.06424906104803085, 0.06424906104803085, 0.06424906104803085, 0.06424906104803085]
Loss function: RMSE
Combinations: [[1, 1], [1, 5], [1, 2], [1, 3], [1, 6], [1, 0], [1, 4], [1, 7]]
Losses: [0.027702759951353073, 0.03248133882880211, 0.035540565848350525, 0.037205521017313004, 0.03813724219799042, 0.044829271733760834, 0.0545615628361702, 0.11673694849014282]
Baseline losses: [0.12961392104625702, 0.12961392104625702, 0.12961392104625702, 0.12961392104625702, 0.12961392104625702, 0.12961392104625702, 0.12961392104625702, 0.12961392104625702]

#################
Data: val
Run: 1
Time: 2024-09-23 19:15:17
Loss function: MAE
Combinations: [[1, 2], [1, 6], [1, 4], [1, 0], [1, 5], [1, 1], [1, 7], [1, 3]]
Losses: [0.06823841482400894, 0.07058330625295639, 0.07126522064208984, 0.07215523719787598, 0.07385890185832977, 0.07785385847091675, 0.07907912880182266, 0.08580898493528366]
Baseline losses: [0.11410211771726608, 0.11410211771726608, 0.11410211771726608, 0.11410211771726608, 0.11410211771726608, 0.11410211771726608, 0.11410211771726608, 0.11410211771726608]
Loss function: MSE
Combinations: [[1, 4], [1, 6], [1, 7], [1, 2], [1, 0], [1, 5], [1, 1], [1, 3]]
Losses: [0.008436625823378563, 0.010239040479063988, 0.011237832717597485, 0.011936267837882042, 0.012230527587234974, 0.012410900555551052, 0.01300764549523592, 0.015689188614487648]
Baseline losses: [0.026968752965331078, 0.026968752965331078, 0.026968752965331078, 0.026968752965331078, 0.026968752965331078, 0.026968752965331078, 0.026968752965331078, 0.026968752965331078]
Loss function: RMSE
Combinations: [[1, 2], [1, 6], [1, 4], [1, 0], [1, 5], [1, 1], [1, 7], [1, 3]]
Losses: [0.06823841482400894, 0.07058330625295639, 0.07126522064208984, 0.07215523719787598, 0.07385890185832977, 0.07785385847091675, 0.07907912880182266, 0.08580898493528366]
Baseline losses: [0.11410211771726608, 0.11410211771726608, 0.11410211771726608, 0.11410211771726608, 0.11410211771726608, 0.11410211771726608, 0.11410211771726608, 0.11410211771726608]

#################
Data: train
Run: 3
Time: 2024-09-24 09:37:13
Loss function: MAE
Combinations: [[3, 3], [3, 1], [3, 0], [3, 2], [3, 5], [3, 4]]
Losses: [0.019877532497048378, 0.022166872397065163, 0.022803962230682373, 0.024030806496739388, 0.041072338819503784, 0.04367786645889282]
Baseline losses: [0.05635387450456619, 0.05635387450456619, 0.05635387450456619, 0.05635387450456619, 0.05635387450456619, 0.05635387450456619]
Loss function: MSE
Combinations: [[3, 3], [3, 2], [3, 0], [3, 1], [3, 5], [3, 4]]
Losses: [0.0013411212712526321, 0.0013441944029182196, 0.001378918532282114, 0.0016045280499383807, 0.005379586946219206, 0.006019230000674725]
Baseline losses: [0.012145377695560455, 0.012145377695560455, 0.012145377695560455, 0.012145377695560455, 0.012145377695560455, 0.012145377695560455]
Loss function: RMSE
Combinations: [[3, 3], [3, 0], [3, 1], [3, 2], [3, 5], [3, 4]]
Losses: [0.02254808135330677, 0.024032780900597572, 0.024306708946824074, 0.02630241960287094, 0.04192078486084938, 0.04431215673685074]
Baseline losses: [0.05635387450456619, 0.05635387450456619, 0.05635387450456619, 0.05635387450456619, 0.05635387450456619, 0.05635387450456619]

#################
Data: val
Run: 3
Time: 2024-09-24 09:37:16
Loss function: MAE
Combinations: [[3, 3], [3, 4], [3, 1], [3, 2], [3, 0], [3, 5]]
Losses: [0.031098980456590652, 0.03133831545710564, 0.032463088631629944, 0.03283645585179329, 0.03306672349572182, 0.03405066207051277]
Baseline losses: [0.04960961639881134, 0.04960961639881134, 0.04960961639881134, 0.04960961639881134, 0.04960961639881134, 0.04960961639881134]
Loss function: MSE
Combinations: [[3, 1], [3, 2], [3, 3], [3, 0], [3, 5], [3, 4]]
Losses: [0.0017460789531469345, 0.0018883844604715705, 0.0019807068165391684, 0.0021564632188528776, 0.002349206479266286, 0.0026916132774204016]
Baseline losses: [0.005098062567412853, 0.005098062567412853, 0.005098062567412853, 0.005098062567412853, 0.005098062567412853, 0.005098062567412853]
Loss function: RMSE
Combinations: [[3, 4], [3, 3], [3, 1], [3, 0], [3, 2], [3, 5]]
Losses: [0.031953297555446625, 0.03336561471223831, 0.03399228677153587, 0.03420887887477875, 0.03495284914970398, 0.03506326302886009]
Baseline losses: [0.04960961639881134, 0.04960961639881134, 0.04960961639881134, 0.04960961639881134, 0.04960961639881134, 0.04960961639881134]

#################
Data: train
Run: 3
Time: 2024-09-24 14:01:25
Loss function: MAE
Combinations: [[3, 0], [3, 4], [3, 11], [3, 5], [3, 1], [3, 12], [3, 6], [3, 2], [3, 8], [3, 10], [3, 9], [3, 7], [3, 3]]
Losses: [0.00920078158378601, 0.01734304241836071, 0.018085245043039322, 0.023736879229545593, 0.02685006707906723, 0.027398625388741493, 0.039728205651044846, 0.043473854660987854, 0.06562461704015732, 0.07037083059549332, 0.13143323361873627, 0.15003754198551178, 0.22095437347888947]
Baseline losses: [0.05635387450456619, 0.05635387450456619, 0.05635387450456619, 0.05635387450456619, 0.05635387450456619, 0.05635387450456619, 0.05635387450456619, 0.05635387450456619, 0.05635387450456619, 0.05635387450456619, 0.05635387450456619, 0.05635387450456619, 0.05635387450456619]
Loss function: MSE
Combinations: [[3, 0], [3, 4], [3, 11], [3, 5], [3, 1], [3, 12], [3, 6], [3, 2], [3, 8], [3, 10], [3, 7], [3, 9], [3, 3]]
Losses: [0.0002769170969258994, 0.0010257813846692443, 0.001479188445955515, 0.0024306189734488726, 0.00297265755943954, 0.0037636160850524902, 0.007261438295245171, 0.008054961450397968, 0.010262283496558666, 0.016783561557531357, 0.02604633942246437, 0.03514409065246582, 0.07841192930936813]
Baseline losses: [0.012145377695560455, 0.012145377695560455, 0.012145377695560455, 0.012145377695560455, 0.012145377695560455, 0.012145377695560455, 0.012145377695560455, 0.012145377695560455, 0.012145377695560455, 0.012145377695560455, 0.012145377695560455, 0.012145377695560455, 0.012145377695560455]
Loss function: RMSE
Combinations: [[3, 0], [3, 4], [3, 11], [3, 5], [3, 1], [3, 12], [3, 6], [3, 2], [3, 8], [3, 10], [3, 9], [3, 7], [3, 3]]
Losses: [0.00920078158378601, 0.01734304241836071, 0.018085245043039322, 0.023736879229545593, 0.02685006707906723, 0.027398625388741493, 0.039728205651044846, 0.043473854660987854, 0.06562461704015732, 0.07037083059549332, 0.13143323361873627, 0.15003754198551178, 0.22095437347888947]
Baseline losses: [0.05635387450456619, 0.05635387450456619, 0.05635387450456619, 0.05635387450456619, 0.05635387450456619, 0.05635387450456619, 0.05635387450456619, 0.05635387450456619, 0.05635387450456619, 0.05635387450456619, 0.05635387450456619, 0.05635387450456619, 0.05635387450456619]

#################
Data: val
Run: 3
Time: 2024-09-24 14:01:30
Loss function: MAE
Combinations: [[3, 11], [3, 4], [3, 0], [3, 12], [3, 5], [3, 1], [3, 2], [3, 6], [3, 10], [3, 8], [3, 9], [3, 7], [3, 3]]
Losses: [0.024313051253557205, 0.026560187339782715, 0.02915056049823761, 0.030436724424362183, 0.030541807413101196, 0.031123854219913483, 0.03658140078186989, 0.0375378243625164, 0.05676184967160225, 0.06114722415804863, 0.12844347953796387, 0.14790800213813782, 0.19107864797115326]
Baseline losses: [0.04960961639881134, 0.04960961639881134, 0.04960961639881134, 0.04960961639881134, 0.04960961639881134, 0.04960961639881134, 0.04960961639881134, 0.04960961639881134, 0.04960961639881134, 0.04960961639881134, 0.04960961639881134, 0.04960961639881134, 0.04960961639881134]
Loss function: MSE
Combinations: [[3, 11], [3, 4], [3, 0], [3, 5], [3, 12], [3, 1], [3, 2], [3, 6], [3, 8], [3, 10], [3, 7], [3, 9], [3, 3]]
Losses: [0.0011834941105917096, 0.0014279138995334506, 0.0018881512805819511, 0.0019116865005344152, 0.0021762701217085123, 0.0022077681496739388, 0.0030905373860150576, 0.0032706845086067915, 0.009062648750841618, 0.009898153133690357, 0.02428671158850193, 0.029973383992910385, 0.05756690725684166]
Baseline losses: [0.005098062567412853, 0.005098062567412853, 0.005098062567412853, 0.005098062567412853, 0.005098062567412853, 0.005098062567412853, 0.005098062567412853, 0.005098062567412853, 0.005098062567412853, 0.005098062567412853, 0.005098062567412853, 0.005098062567412853, 0.005098062567412853]
Loss function: RMSE
Combinations: [[3, 11], [3, 4], [3, 0], [3, 12], [3, 5], [3, 1], [3, 2], [3, 6], [3, 10], [3, 8], [3, 9], [3, 7], [3, 3]]
Losses: [0.024313051253557205, 0.026560187339782715, 0.02915056049823761, 0.030436724424362183, 0.030541807413101196, 0.031123854219913483, 0.03658140078186989, 0.0375378243625164, 0.05676184967160225, 0.06114722415804863, 0.12844347953796387, 0.14790800213813782, 0.19107864797115326]
Baseline losses: [0.04960961639881134, 0.04960961639881134, 0.04960961639881134, 0.04960961639881134, 0.04960961639881134, 0.04960961639881134, 0.04960961639881134, 0.04960961639881134, 0.04960961639881134, 0.04960961639881134, 0.04960961639881134, 0.04960961639881134, 0.04960961639881134]

#################
Data: train
Run: 3
Time: 2024-09-24 17:19:31
Loss function: MAE
Combinations: [[3, 0]]
Losses: [0.020275235176086426]
Baseline losses: [0.05848335474729538]
Loss function: MSE
Combinations: [[3, 0]]
Losses: [0.0010948439594358206]
Baseline losses: [0.012239433825016022]
Loss function: RMSE
Combinations: [[3, 0]]
Losses: [0.020275235176086426]
Baseline losses: [0.05848335474729538]

#################
Data: val
Run: 3
Time: 2024-09-24 17:19:31
Loss function: MAE
Combinations: [[3, 0]]
Losses: [0.02192535437643528]
Baseline losses: [0.04822713881731033]
Loss function: MSE
Combinations: [[3, 0]]
Losses: [0.000802902621217072]
Baseline losses: [0.007810818962752819]
Loss function: RMSE
Combinations: [[3, 0]]
Losses: [0.02192535437643528]
Baseline losses: [0.04822713881731033]

#################
Data: train
Run: 3
Time: 2024-09-24 21:57:47
Loss function: MAE
Combinations: [[3, 13], [3, 10], [3, 2], [3, 24], [3, 33], [3, 4], [3, 17], [3, 14], [3, 0], [3, 3], [3, 39], [3, 26], [3, 27], [3, 29], [3, 8], [3, 7], [3, 12], [3, 19], [3, 15], [3, 6], [3, 38], [3, 28], [3, 35], [3, 22], [3, 37], [3, 30], [3, 9], [3, 23], [3, 1], [3, 25], [3, 31], [3, 18], [3, 20], [3, 32], [3, 34], [3, 5], [3, 36], [3, 16], [3, 21], [3, 11]]
Losses: [0.012173118069767952, 0.01290383841842413, 0.013262609951198101, 0.013290159404277802, 0.014742666855454445, 0.016822000965476036, 0.019210699945688248, 0.019251039251685143, 0.01953583024442196, 0.01980246789753437, 0.020532114431262016, 0.02061273157596588, 0.022097190842032433, 0.022867826744914055, 0.023059245198965073, 0.023269997909665108, 0.02337942086160183, 0.02513105235993862, 0.025188788771629333, 0.026046574115753174, 0.026103684678673744, 0.026598086580634117, 0.02672327309846878, 0.027429163455963135, 0.027443543076515198, 0.02750382386147976, 0.028415458276867867, 0.028903424739837646, 0.02911859191954136, 0.02935243770480156, 0.029553690925240517, 0.029801929369568825, 0.03019089624285698, 0.030441712588071823, 0.031329527497291565, 0.03178571164608002, 0.03275659680366516, 0.03368119150400162, 0.043911345303058624, 0.06862882524728775]
Baseline losses: [0.05848335474729538, 0.05848335474729538, 0.05848335474729538, 0.05848335474729538, 0.05848335474729538, 0.05848335474729538, 0.05848335474729538, 0.05848335474729538, 0.05848335474729538, 0.05848335474729538, 0.05848335474729538, 0.05848335474729538, 0.05848335474729538, 0.05848335474729538, 0.05848335474729538, 0.05848335474729538, 0.05848335474729538, 0.05848335474729538, 0.05848335474729538, 0.05848335474729538, 0.05848335474729538, 0.05848335474729538, 0.05848335474729538, 0.05848335474729538, 0.05848335474729538, 0.05848335474729538, 0.05848335474729538, 0.05848335474729538, 0.05848335474729538, 0.05848335474729538, 0.05848335474729538, 0.05848335474729538, 0.05848335474729538, 0.05848335474729538, 0.05848335474729538, 0.05848335474729538, 0.05848335474729538, 0.05848335474729538, 0.05848335474729538, 0.05848335474729538]
Loss function: MSE
Combinations: [[3, 13], [3, 10], [3, 2], [3, 24], [3, 33], [3, 4], [3, 14], [3, 12], [3, 0], [3, 17], [3, 31], [3, 3], [3, 7], [3, 19], [3, 1], [3, 39], [3, 9], [3, 30], [3, 27], [3, 26], [3, 22], [3, 29], [3, 20], [3, 23], [3, 6], [3, 15], [3, 37], [3, 28], [3, 35], [3, 32], [3, 5], [3, 8], [3, 34], [3, 38], [3, 18], [3, 36], [3, 25], [3, 16], [3, 21], [3, 11]]
Losses: [0.0004394910647533834, 0.0004398893506731838, 0.0004991997848264873, 0.0004993475158698857, 0.0006509696831926703, 0.0007246290915645659, 0.0008104805601760745, 0.0008713941206224263, 0.0008975874516181648, 0.0016565462574362755, 0.0018674014136195183, 0.0018801456317305565, 0.002187680220231414, 0.0022164226975291967, 0.0022686372976750135, 0.002342043211683631, 0.0023966506123542786, 0.0025598725769668818, 0.0025869901292026043, 0.0027303278911858797, 0.0027552808169275522, 0.0027688471600413322, 0.0027756793424487114, 0.002859136089682579, 0.0029418880585581064, 0.0031209555454552174, 0.0032851628493517637, 0.003379150526598096, 0.003408184740692377, 0.0034426075872033834, 0.003442709567025304, 0.003497915342450142, 0.0036166682839393616, 0.003651321865618229, 0.0036712531000375748, 0.0036734009627252817, 0.0037828267086297274, 0.003937955014407635, 0.005890070926398039, 0.015382789075374603]
Baseline losses: [0.012239433825016022, 0.012239433825016022, 0.012239433825016022, 0.012239433825016022, 0.012239433825016022, 0.012239433825016022, 0.012239433825016022, 0.012239433825016022, 0.012239433825016022, 0.012239433825016022, 0.012239433825016022, 0.012239433825016022, 0.012239433825016022, 0.012239433825016022, 0.012239433825016022, 0.012239433825016022, 0.012239433825016022, 0.012239433825016022, 0.012239433825016022, 0.012239433825016022, 0.012239433825016022, 0.012239433825016022, 0.012239433825016022, 0.012239433825016022, 0.012239433825016022, 0.012239433825016022, 0.012239433825016022, 0.012239433825016022, 0.012239433825016022, 0.012239433825016022, 0.012239433825016022, 0.012239433825016022, 0.012239433825016022, 0.012239433825016022, 0.012239433825016022, 0.012239433825016022, 0.012239433825016022, 0.012239433825016022, 0.012239433825016022, 0.012239433825016022]
Loss function: RMSE
Combinations: [[3, 13], [3, 10], [3, 2], [3, 24], [3, 33], [3, 4], [3, 17], [3, 14], [3, 0], [3, 3], [3, 39], [3, 26], [3, 27], [3, 29], [3, 8], [3, 7], [3, 12], [3, 19], [3, 15], [3, 6], [3, 38], [3, 28], [3, 35], [3, 22], [3, 37], [3, 30], [3, 9], [3, 23], [3, 1], [3, 25], [3, 31], [3, 18], [3, 20], [3, 32], [3, 34], [3, 5], [3, 36], [3, 16], [3, 21], [3, 11]]
Losses: [0.012173118069767952, 0.01290383841842413, 0.013262609951198101, 0.013290159404277802, 0.014742666855454445, 0.016822000965476036, 0.019210699945688248, 0.019251039251685143, 0.01953583024442196, 0.01980246789753437, 0.020532114431262016, 0.02061273157596588, 0.022097190842032433, 0.022867826744914055, 0.023059245198965073, 0.023269997909665108, 0.02337942086160183, 0.02513105235993862, 0.025188788771629333, 0.026046574115753174, 0.026103684678673744, 0.026598086580634117, 0.02672327309846878, 0.027429163455963135, 0.027443543076515198, 0.02750382386147976, 0.028415458276867867, 0.028903424739837646, 0.02911859191954136, 0.02935243770480156, 0.029553690925240517, 0.029801929369568825, 0.03019089624285698, 0.030441712588071823, 0.031329527497291565, 0.03178571164608002, 0.03275659680366516, 0.03368119150400162, 0.043911345303058624, 0.06862882524728775]
Baseline losses: [0.05848335474729538, 0.05848335474729538, 0.05848335474729538, 0.05848335474729538, 0.05848335474729538, 0.05848335474729538, 0.05848335474729538, 0.05848335474729538, 0.05848335474729538, 0.05848335474729538, 0.05848335474729538, 0.05848335474729538, 0.05848335474729538, 0.05848335474729538, 0.05848335474729538, 0.05848335474729538, 0.05848335474729538, 0.05848335474729538, 0.05848335474729538, 0.05848335474729538, 0.05848335474729538, 0.05848335474729538, 0.05848335474729538, 0.05848335474729538, 0.05848335474729538, 0.05848335474729538, 0.05848335474729538, 0.05848335474729538, 0.05848335474729538, 0.05848335474729538, 0.05848335474729538, 0.05848335474729538, 0.05848335474729538, 0.05848335474729538, 0.05848335474729538, 0.05848335474729538, 0.05848335474729538, 0.05848335474729538, 0.05848335474729538, 0.05848335474729538]

#################
Data: val
Run: 3
Time: 2024-09-24 21:58:05
Loss function: MAE
Combinations: [[3, 10], [3, 0], [3, 4], [3, 13], [3, 2], [3, 12], [3, 14], [3, 31], [3, 7], [3, 19], [3, 24], [3, 39], [3, 17], [3, 15], [3, 29], [3, 27], [3, 26], [3, 6], [3, 22], [3, 38], [3, 23], [3, 25], [3, 8], [3, 37], [3, 20], [3, 18], [3, 5], [3, 33], [3, 36], [3, 35], [3, 30], [3, 3], [3, 34], [3, 9], [3, 28], [3, 32], [3, 16], [3, 21], [3, 1], [3, 11]]
Losses: [0.020764010027050972, 0.02152838185429573, 0.02173520065844059, 0.02229541912674904, 0.023184815421700478, 0.024722248315811157, 0.026098821312189102, 0.02655218355357647, 0.026924025267362595, 0.027190005406737328, 0.02804725244641304, 0.028112785890698433, 0.028470272198319435, 0.028505202382802963, 0.028647201135754585, 0.028808146715164185, 0.029082175344228745, 0.02932073548436165, 0.029367050155997276, 0.02944987826049328, 0.02945069968700409, 0.029461966827511787, 0.02970869466662407, 0.02982521429657936, 0.029857128858566284, 0.03010919876396656, 0.0302431620657444, 0.030283601954579353, 0.03035629726946354, 0.030898364260792732, 0.030969329178333282, 0.031049882993102074, 0.031389061361551285, 0.03143857419490814, 0.03207247331738472, 0.03269033133983612, 0.03299635648727417, 0.037239670753479004, 0.038398899137973785, 0.07486096024513245]
Baseline losses: [0.04822713881731033, 0.04822713881731033, 0.04822713881731033, 0.04822713881731033, 0.04822713881731033, 0.04822713881731033, 0.04822713881731033, 0.04822713881731033, 0.04822713881731033, 0.04822713881731033, 0.04822713881731033, 0.04822713881731033, 0.04822713881731033, 0.04822713881731033, 0.04822713881731033, 0.04822713881731033, 0.04822713881731033, 0.04822713881731033, 0.04822713881731033, 0.04822713881731033, 0.04822713881731033, 0.04822713881731033, 0.04822713881731033, 0.04822713881731033, 0.04822713881731033, 0.04822713881731033, 0.04822713881731033, 0.04822713881731033, 0.04822713881731033, 0.04822713881731033, 0.04822713881731033, 0.04822713881731033, 0.04822713881731033, 0.04822713881731033, 0.04822713881731033, 0.04822713881731033, 0.04822713881731033, 0.04822713881731033, 0.04822713881731033, 0.04822713881731033]
Loss function: MSE
Combinations: [[3, 0], [3, 10], [3, 4], [3, 13], [3, 12], [3, 2], [3, 19], [3, 7], [3, 14], [3, 24], [3, 31], [3, 17], [3, 33], [3, 27], [3, 15], [3, 20], [3, 39], [3, 6], [3, 9], [3, 29], [3, 34], [3, 22], [3, 30], [3, 36], [3, 26], [3, 3], [3, 37], [3, 5], [3, 32], [3, 23], [3, 25], [3, 28], [3, 16], [3, 35], [3, 8], [3, 38], [3, 21], [3, 18], [3, 1], [3, 11]]
Losses: [0.0006935481796972454, 0.000783362309448421, 0.0008627744391560555, 0.0008709822432138026, 0.0009637835319153965, 0.0010779943550005555, 0.0011763033689931035, 0.0012318175286054611, 0.0013361896853893995, 0.0013654211070388556, 0.0014751991257071495, 0.001496590324677527, 0.0017058482626453042, 0.0017723451601341367, 0.0018278732895851135, 0.0018708377610892057, 0.0019722897559404373, 0.0020104628056287766, 0.002065389882773161, 0.002085186541080475, 0.0021130621898919344, 0.002113632159307599, 0.0021149786189198494, 0.0021259544882923365, 0.002127060666680336, 0.0021912120282649994, 0.0022474336437880993, 0.00225047767162323, 0.0022848588414490223, 0.0023177333641797304, 0.002395806834101677, 0.0024591656401753426, 0.0024716765619814396, 0.0025789111386984587, 0.002627104753628373, 0.0026314142160117626, 0.002764316275715828, 0.0027918065898120403, 0.003404462244361639, 0.014776872470974922]
Baseline losses: [0.007810818962752819, 0.007810818962752819, 0.007810818962752819, 0.007810818962752819, 0.007810818962752819, 0.007810818962752819, 0.007810818962752819, 0.007810818962752819, 0.007810818962752819, 0.007810818962752819, 0.007810818962752819, 0.007810818962752819, 0.007810818962752819, 0.007810818962752819, 0.007810818962752819, 0.007810818962752819, 0.007810818962752819, 0.007810818962752819, 0.007810818962752819, 0.007810818962752819, 0.007810818962752819, 0.007810818962752819, 0.007810818962752819, 0.007810818962752819, 0.007810818962752819, 0.007810818962752819, 0.007810818962752819, 0.007810818962752819, 0.007810818962752819, 0.007810818962752819, 0.007810818962752819, 0.007810818962752819, 0.007810818962752819, 0.007810818962752819, 0.007810818962752819, 0.007810818962752819, 0.007810818962752819, 0.007810818962752819, 0.007810818962752819, 0.007810818962752819]
Loss function: RMSE
Combinations: [[3, 10], [3, 0], [3, 4], [3, 13], [3, 2], [3, 12], [3, 14], [3, 31], [3, 7], [3, 19], [3, 24], [3, 39], [3, 17], [3, 15], [3, 29], [3, 27], [3, 26], [3, 6], [3, 22], [3, 38], [3, 23], [3, 25], [3, 8], [3, 37], [3, 20], [3, 18], [3, 5], [3, 33], [3, 36], [3, 35], [3, 30], [3, 3], [3, 34], [3, 9], [3, 28], [3, 32], [3, 16], [3, 21], [3, 1], [3, 11]]
Losses: [0.020764010027050972, 0.02152838185429573, 0.02173520065844059, 0.02229541912674904, 0.023184815421700478, 0.024722248315811157, 0.026098821312189102, 0.02655218355357647, 0.026924025267362595, 0.027190005406737328, 0.02804725244641304, 0.028112785890698433, 0.028470272198319435, 0.028505202382802963, 0.028647201135754585, 0.028808146715164185, 0.029082175344228745, 0.02932073548436165, 0.029367050155997276, 0.02944987826049328, 0.02945069968700409, 0.029461966827511787, 0.02970869466662407, 0.02982521429657936, 0.029857128858566284, 0.03010919876396656, 0.0302431620657444, 0.030283601954579353, 0.03035629726946354, 0.030898364260792732, 0.030969329178333282, 0.031049882993102074, 0.031389061361551285, 0.03143857419490814, 0.03207247331738472, 0.03269033133983612, 0.03299635648727417, 0.037239670753479004, 0.038398899137973785, 0.07486096024513245]
Baseline losses: [0.04822713881731033, 0.04822713881731033, 0.04822713881731033, 0.04822713881731033, 0.04822713881731033, 0.04822713881731033, 0.04822713881731033, 0.04822713881731033, 0.04822713881731033, 0.04822713881731033, 0.04822713881731033, 0.04822713881731033, 0.04822713881731033, 0.04822713881731033, 0.04822713881731033, 0.04822713881731033, 0.04822713881731033, 0.04822713881731033, 0.04822713881731033, 0.04822713881731033, 0.04822713881731033, 0.04822713881731033, 0.04822713881731033, 0.04822713881731033, 0.04822713881731033, 0.04822713881731033, 0.04822713881731033, 0.04822713881731033, 0.04822713881731033, 0.04822713881731033, 0.04822713881731033, 0.04822713881731033, 0.04822713881731033, 0.04822713881731033, 0.04822713881731033, 0.04822713881731033, 0.04822713881731033, 0.04822713881731033, 0.04822713881731033, 0.04822713881731033]

