#################
Data: val
Run: 1
Time: 2024-09-11 15:48:54
Loss function: MAE
Combinations: [[1, 6], [1, 38], [1, 3], [1, 17], [1, 0], [1, 13], [1, 14], [1, 20], [1, 27], [1, 25], [1, 2], [1, 9], [1, 1], [1, 29], [1, 42], [1, 15], [1, 39], [1, 44], [1, 33], [1, 45], [1, 40], [1, 21], [1, 24], [1, 23], [1, 32], [1, 26], [1, 36], [1, 18], [1, 43], [1, 37], [1, 16], [1, 8], [1, 31], [1, 30], [1, 19], [1, 12], [1, 22], [1, 28], [1, 7], [1, 4], [1, 5], [1, 34], [1, 35], [1, 41], [1, 10], [1, 11]]
Losses: [0.02539771981537342, 0.026750579476356506, 0.02709502913057804, 0.02806977927684784, 0.0282815620303154, 0.028445452451705933, 0.028620116412639618, 0.02875964343547821, 0.028827868402004242, 0.02907176874577999, 0.029206423088908195, 0.029378943145275116, 0.02968667447566986, 0.029809435829520226, 0.02990025281906128, 0.030153533443808556, 0.03016498126089573, 0.030694028362631798, 0.03097624145448208, 0.031650010496377945, 0.03168882429599762, 0.03178275749087334, 0.031982820481061935, 0.03261956200003624, 0.032668184489011765, 0.03267320990562439, 0.03304575756192207, 0.03323081135749817, 0.03389861807227135, 0.03486081585288048, 0.03512759506702423, 0.03583957627415657, 0.036026012152433395, 0.036481428891420364, 0.03745833411812782, 0.03811225667595863, 0.038959890604019165, 0.041335221379995346, 0.042895037680864334, 0.046621501445770264, 0.04841747507452965, 0.04904043674468994, 0.05661110207438469, 0.05666684731841087, 0.06476005166769028, 0.07618588954210281]
Loss function: MSE
Combinations: [[1, 6], [1, 20], [1, 42], [1, 38], [1, 3], [1, 0], [1, 17], [1, 25], [1, 9], [1, 44], [1, 13], [1, 21], [1, 14], [1, 18], [1, 40], [1, 2], [1, 1], [1, 27], [1, 33], [1, 45], [1, 39], [1, 15], [1, 43], [1, 32], [1, 24], [1, 29], [1, 37], [1, 23], [1, 26], [1, 36], [1, 31], [1, 12], [1, 19], [1, 8], [1, 16], [1, 30], [1, 28], [1, 7], [1, 22], [1, 4], [1, 34], [1, 41], [1, 35], [1, 5], [1, 11], [1, 10]]
Losses: [0.003281543729826808, 0.003596978262066841, 0.0037018507719039917, 0.003701892914250493, 0.0037613948807120323, 0.003931442275643349, 0.0039661661721765995, 0.00409775972366333, 0.004156573209911585, 0.004169946536421776, 0.004204517230391502, 0.004208362195640802, 0.004271815996617079, 0.004291168879717588, 0.004348031710833311, 0.004363608080893755, 0.004374231677502394, 0.004383555147796869, 0.004421018064022064, 0.004462238866835833, 0.0044843051582574844, 0.004514353349804878, 0.0045761908404529095, 0.004634331911802292, 0.004647582303732634, 0.004870914854109287, 0.005103355273604393, 0.005165474954992533, 0.0051785618998110294, 0.005184887442737818, 0.005208991467952728, 0.005361156538128853, 0.00547917140647769, 0.005783807951956987, 0.005854242946952581, 0.00674936780706048, 0.007450627628713846, 0.0075345286168158054, 0.00805699173361063, 0.010120208375155926, 0.010259074158966541, 0.01216279249638319, 0.012971187941730022, 0.015293876640498638, 0.021580904722213745, 0.024801097810268402]
Loss function: RMSE
Combinations: [[1, 6], [1, 38], [1, 3], [1, 17], [1, 0], [1, 25], [1, 13], [1, 20], [1, 27], [1, 1], [1, 14], [1, 2], [1, 39], [1, 29], [1, 44], [1, 9], [1, 42], [1, 24], [1, 15], [1, 33], [1, 40], [1, 23], [1, 26], [1, 36], [1, 21], [1, 45], [1, 32], [1, 43], [1, 18], [1, 8], [1, 37], [1, 30], [1, 31], [1, 16], [1, 12], [1, 19], [1, 22], [1, 28], [1, 7], [1, 4], [1, 5], [1, 34], [1, 41], [1, 35], [1, 10], [1, 11]]
Losses: [0.04159566015005112, 0.043337542563676834, 0.04376973584294319, 0.04447142407298088, 0.04519394040107727, 0.045522648841142654, 0.04587888717651367, 0.046158984303474426, 0.04660842940211296, 0.046630699187517166, 0.046729717403650284, 0.04694940522313118, 0.047484610229730606, 0.047648537904024124, 0.0479743592441082, 0.04871026799082756, 0.04875314235687256, 0.04880966618657112, 0.04896656051278114, 0.04916314780712128, 0.050094444304704666, 0.050416234880685806, 0.05047772824764252, 0.05060203745961189, 0.051276858896017075, 0.05179714784026146, 0.05234357714653015, 0.052771423012018204, 0.05279945954680443, 0.05599188804626465, 0.05684484913945198, 0.05724964663386345, 0.0578247494995594, 0.058463167399168015, 0.05904754623770714, 0.05945916846394539, 0.06308016180992126, 0.06606557220220566, 0.06615612655878067, 0.07322736829519272, 0.07881905138492584, 0.07943536341190338, 0.08797761052846909, 0.09125429391860962, 0.1066432073712349, 0.1186407282948494]
Loss function: R2
Combinations: [[1, 27], [1, 36], [1, 26], [1, 13], [1, 14], [1, 6], [1, 2], [1, 38], [1, 3], [1, 24], [1, 40], [1, 43], [1, 1], [1, 39], [1, 44], [1, 25], [1, 17], [1, 33], [1, 0], [1, 30], [1, 9], [1, 29], [1, 32], [1, 20], [1, 23], [1, 21], [1, 15], [1, 22], [1, 5], [1, 7], [1, 45], [1, 10], [1, 8], [1, 42], [1, 31], [1, 18], [1, 4], [1, 16], [1, 37], [1, 19], [1, 28], [1, 12], [1, 34], [1, 11], [1, 41], [1, 35]]
Losses: [0.728283703327179, 0.6690020561218262, 0.627016544342041, 0.5856917500495911, 0.568026065826416, 0.5675278902053833, 0.5239239931106567, 0.5140892267227173, 0.49151623249053955, 0.45576974749565125, 0.4543623626232147, 0.420642226934433, 0.41516780853271484, 0.394967645406723, 0.3716650903224945, 0.32024550437927246, 0.3182883560657501, 0.31659379601478577, 0.311047226190567, 0.16375567018985748, 0.11657734960317612, -0.018743371590971947, -0.05033094808459282, -0.12356269359588623, -0.18759290874004364, -0.22944176197052002, -0.37822291254997253, -0.9053043723106384, -3.167675018310547, -3.7060775756835938, -5.254662990570068, -5.877867221832275, -9.65053653717041, -15.20107364654541, -16.860759735107422, -23.7467041015625, -23.75786781311035, -27.818037033081055, -31.68834686279297, -37.8707389831543, -39.32497024536133, -60.45485305786133, -79.8453598022461, -110.7558822631836, -118.37982177734375, -137.4924774169922]

#################
Data: val
Run: 2
Time: 2024-09-11 15:49:12
Loss function: MAE
Combinations: [[2, 22], [2, 10], [2, 9], [2, 21], [2, 17], [2, 2], [2, 12], [2, 14], [2, 1], [2, 15], [2, 0], [2, 13], [2, 19], [2, 5], [2, 8], [2, 7], [2, 16], [2, 6], [2, 23], [2, 3], [2, 20], [2, 18], [2, 4], [2, 11]]
Losses: [0.02297873981297016, 0.027839720249176025, 0.027853235602378845, 0.02818617783486843, 0.028709247708320618, 0.028750279918313026, 0.028859136626124382, 0.028986506164073944, 0.029007213190197945, 0.029070446267724037, 0.029083827510476112, 0.029089778661727905, 0.029168039560317993, 0.029375502839684486, 0.029442938044667244, 0.02945300005376339, 0.029838407412171364, 0.02991591952741146, 0.03023449517786503, 0.030813084915280342, 0.03097253292798996, 0.031722839921712875, 0.03228503838181496, 0.052687812596559525]
Loss function: MSE
Combinations: [[2, 22], [2, 21], [2, 9], [2, 19], [2, 7], [2, 10], [2, 8], [2, 23], [2, 17], [2, 13], [2, 6], [2, 12], [2, 2], [2, 15], [2, 1], [2, 14], [2, 0], [2, 5], [2, 20], [2, 16], [2, 18], [2, 3], [2, 4], [2, 11]]
Losses: [0.003456638427451253, 0.0037138471379876137, 0.003722740337252617, 0.003947533201426268, 0.004093122202903032, 0.00411710562184453, 0.004132392816245556, 0.004139782395213842, 0.004159246105700731, 0.00431516719982028, 0.0043210797011852264, 0.004344533663243055, 0.004362730775028467, 0.004387318156659603, 0.004388757515698671, 0.004396477714180946, 0.004415438044816256, 0.004452851135283709, 0.0045112911611795425, 0.004574988037347794, 0.004666527733206749, 0.004951308015733957, 0.005011999048292637, 0.021285535767674446]
Loss function: RMSE
Combinations: [[2, 22], [2, 9], [2, 21], [2, 19], [2, 2], [2, 17], [2, 8], [2, 12], [2, 0], [2, 1], [2, 14], [2, 7], [2, 13], [2, 5], [2, 15], [2, 23], [2, 6], [2, 16], [2, 10], [2, 20], [2, 3], [2, 18], [2, 4], [2, 11]]
Losses: [0.043557729572057724, 0.044542890042066574, 0.04499135911464691, 0.046525463461875916, 0.046745847910642624, 0.04684118926525116, 0.04692983254790306, 0.04713394120335579, 0.047157276421785355, 0.04720952734351158, 0.04722755774855614, 0.047259438782930374, 0.04731881618499756, 0.04749003425240517, 0.047516003251075745, 0.047867268323898315, 0.04796772077679634, 0.04855016991496086, 0.04868040606379509, 0.04938429221510887, 0.04969637468457222, 0.050366222858428955, 0.054888516664505005, 0.07995884865522385]
Loss function: R2
Combinations: [[2, 8], [2, 9], [2, 3], [2, 2], [2, 5], [2, 14], [2, 20], [2, 21], [2, 19], [2, 10], [2, 6], [2, 18], [2, 7], [2, 0], [2, 12], [2, 23], [2, 1], [2, 16], [2, 15], [2, 13], [2, 22], [2, 17], [2, 4], [2, 11]]
Losses: [0.7450594902038574, 0.7310175895690918, 0.6761088371276855, 0.6439819931983948, 0.6368770003318787, 0.6217987537384033, 0.618931233882904, 0.6040516495704651, 0.5796697735786438, 0.5708406567573547, 0.5562060475349426, 0.5398961901664734, 0.5135233998298645, 0.5005074739456177, 0.48711347579956055, 0.3972749412059784, 0.28952473402023315, 0.2554297149181366, 0.21754872798919678, 0.1085294708609581, -0.25364363193511963, -0.3396925926208496, -4.9197163581848145, -9.285500526428223]

#################
Data: train
Run: 1
Time: 2024-09-11 15:57:36
Loss function: MAE
Combinations: [[1, 6], [1, 2], [1, 14], [1, 0], [1, 38], [1, 13], [1, 25], [1, 20], [1, 42], [1, 3], [1, 24], [1, 40], [1, 9], [1, 33], [1, 26], [1, 45], [1, 15], [1, 17], [1, 1], [1, 18], [1, 39], [1, 21], [1, 36], [1, 44], [1, 27], [1, 12], [1, 32], [1, 16], [1, 31], [1, 30], [1, 37], [1, 43], [1, 19], [1, 8], [1, 22], [1, 23], [1, 28], [1, 29], [1, 7], [1, 4], [1, 34], [1, 35], [1, 5], [1, 41], [1, 11], [1, 10]]
Losses: [0.033157628029584885, 0.038370028138160706, 0.03892306610941887, 0.03893711045384407, 0.03916630521416664, 0.039250802248716354, 0.03949638828635216, 0.039582379162311554, 0.03964018449187279, 0.03979017212986946, 0.03983951732516289, 0.040303684771060944, 0.04052495211362839, 0.04080258682370186, 0.04134054109454155, 0.04140143096446991, 0.04140637442469597, 0.04161988943815231, 0.0416547916829586, 0.04181342199444771, 0.041824620217084885, 0.04183230176568031, 0.041984185576438904, 0.042172644287347794, 0.042412713170051575, 0.042434047907590866, 0.04255998879671097, 0.04320421814918518, 0.04323774576187134, 0.04369395971298218, 0.04376398026943207, 0.04403916001319885, 0.04599947854876518, 0.047101568430662155, 0.04877807945013046, 0.04922879487276077, 0.04947676882147789, 0.04951534420251846, 0.0518374927341938, 0.05351414903998375, 0.05716896057128906, 0.06161615997552872, 0.0647338330745697, 0.0648752897977829, 0.08021221309900284, 0.08167575299739838]
Loss function: MSE
Combinations: [[1, 6], [1, 2], [1, 40], [1, 20], [1, 42], [1, 25], [1, 38], [1, 0], [1, 13], [1, 14], [1, 24], [1, 3], [1, 33], [1, 21], [1, 36], [1, 12], [1, 18], [1, 9], [1, 1], [1, 15], [1, 39], [1, 17], [1, 45], [1, 44], [1, 31], [1, 32], [1, 26], [1, 27], [1, 43], [1, 37], [1, 30], [1, 19], [1, 16], [1, 28], [1, 8], [1, 7], [1, 29], [1, 22], [1, 23], [1, 4], [1, 34], [1, 35], [1, 41], [1, 5], [1, 11], [1, 10]]
Losses: [0.005439364351332188, 0.006753275170922279, 0.00676233135163784, 0.006787128746509552, 0.006830180995166302, 0.006832974962890148, 0.006857571192085743, 0.0068818191066384315, 0.006884820759296417, 0.006887615192681551, 0.006958642974495888, 0.006967990659177303, 0.007195896003395319, 0.007201395928859711, 0.0072660502046346664, 0.0072741457261145115, 0.007276534102857113, 0.007331124506890774, 0.007389602717012167, 0.007456171792000532, 0.007461151108145714, 0.0074785021133720875, 0.007505276706069708, 0.007592661771923304, 0.007605341263115406, 0.007607758045196533, 0.007648825645446777, 0.00788065418601036, 0.008107146248221397, 0.008108805865049362, 0.008154685609042645, 0.008250655606389046, 0.00843876227736473, 0.009129498153924942, 0.009130378253757954, 0.009779372252523899, 0.010198015719652176, 0.010568425059318542, 0.011128085665404797, 0.011316861025989056, 0.012561015784740448, 0.013824321329593658, 0.01396059338003397, 0.02007637359201908, 0.023035401478409767, 0.030900126323103905]
Loss function: RMSE
Combinations: [[1, 6], [1, 2], [1, 25], [1, 24], [1, 0], [1, 40], [1, 14], [1, 38], [1, 3], [1, 13], [1, 20], [1, 1], [1, 17], [1, 36], [1, 33], [1, 42], [1, 26], [1, 9], [1, 21], [1, 45], [1, 15], [1, 39], [1, 44], [1, 18], [1, 12], [1, 32], [1, 27], [1, 31], [1, 16], [1, 43], [1, 30], [1, 37], [1, 19], [1, 8], [1, 28], [1, 23], [1, 22], [1, 29], [1, 7], [1, 4], [1, 34], [1, 35], [1, 41], [1, 5], [1, 11], [1, 10]]
Losses: [0.0560547299683094, 0.061995718628168106, 0.06277425587177277, 0.0629633441567421, 0.063118577003479, 0.06321689486503601, 0.06334009766578674, 0.06343633681535721, 0.06447479128837585, 0.06474873423576355, 0.0647716149687767, 0.06508693099021912, 0.06527426838874817, 0.06532348692417145, 0.06538937985897064, 0.06593573838472366, 0.06622740626335144, 0.0663934201002121, 0.06715758889913559, 0.06769361346960068, 0.06770135462284088, 0.0677718073129654, 0.0681188553571701, 0.0682067722082138, 0.06836268305778503, 0.06860051304101944, 0.06878697127103806, 0.07057736068964005, 0.07077347487211227, 0.07089006900787354, 0.07114280760288239, 0.07206293940544128, 0.07362167537212372, 0.07470881938934326, 0.07572076469659805, 0.07633048295974731, 0.07698007673025131, 0.07791104167699814, 0.07973267138004303, 0.0812675729393959, 0.0890251100063324, 0.09547333419322968, 0.09648232161998749, 0.10134442895650864, 0.12294207513332367, 0.13091997802257538]
Loss function: R2
Combinations: [[1, 26], [1, 36], [1, 27], [1, 24], [1, 13], [1, 6], [1, 40], [1, 14], [1, 2], [1, 1], [1, 38], [1, 3], [1, 39], [1, 30], [1, 17], [1, 29], [1, 33], [1, 43], [1, 0], [1, 22], [1, 25], [1, 5], [1, 23], [1, 15], [1, 44], [1, 10], [1, 32], [1, 20], [1, 9], [1, 7], [1, 45], [1, 8], [1, 4], [1, 42], [1, 31], [1, 16], [1, 37], [1, 21], [1, 18], [1, 28], [1, 12], [1, 19], [1, 41], [1, 34], [1, 11], [1, 35]]
Losses: [0.8085550665855408, 0.7181548476219177, 0.7156946659088135, 0.6893346309661865, 0.5675352811813354, 0.517463207244873, 0.5034382343292236, -0.3343065083026886, -0.4056566655635834, -0.4141395390033722, -0.4454549252986908, -0.5063083171844482, -0.5451257824897766, -0.6128262281417847, -0.9708327054977417, -0.9985299706459045, -1.025453805923462, -1.1400673389434814, -1.4057643413543701, -1.4336129426956177, -1.478608250617981, -1.987780213356018, -2.5290417671203613, -3.785419464111328, -4.5160908699035645, -6.105141639709473, -10.976771354675293, -14.81000804901123, -17.39586067199707, -30.660781860351562, -47.61555480957031, -83.10206604003906, -97.81688690185547, -133.67784118652344, -140.7571563720703, -141.89437866210938, -153.045166015625, -161.7509765625, -201.90069580078125, -247.64707946777344, -286.5563049316406, -295.94598388671875, -520.5751342773438, -566.2764892578125, -830.7444458007812, -1009.6092529296875]

#################
Data: train
Run: 2
Time: 2024-09-11 15:58:40
Loss function: MAE
Combinations: [[2, 22], [2, 21], [2, 9], [2, 19], [2, 13], [2, 12], [2, 14], [2, 8], [2, 2], [2, 15], [2, 10], [2, 23], [2, 1], [2, 20], [2, 17], [2, 0], [2, 16], [2, 5], [2, 3], [2, 18], [2, 6], [2, 4], [2, 7], [2, 11]]
Losses: [0.031588613986968994, 0.03825413063168526, 0.03856265917420387, 0.039151910692453384, 0.040011998265981674, 0.04012743756175041, 0.04015813767910004, 0.04025953263044357, 0.04048522189259529, 0.04077742621302605, 0.04079919680953026, 0.040844883769750595, 0.04107797518372536, 0.041207097470760345, 0.04139041528105736, 0.04143591225147247, 0.041882652789354324, 0.04213249310851097, 0.042165182530879974, 0.04221166670322418, 0.04242870584130287, 0.043734949082136154, 0.045049186795949936, 0.05613948032259941]
Loss function: MSE
Combinations: [[2, 22], [2, 21], [2, 19], [2, 9], [2, 23], [2, 13], [2, 8], [2, 12], [2, 14], [2, 20], [2, 1], [2, 15], [2, 17], [2, 2], [2, 18], [2, 0], [2, 6], [2, 16], [2, 5], [2, 3], [2, 4], [2, 10], [2, 7], [2, 11]]
Losses: [0.005947822704911232, 0.00628243014216423, 0.006476745009422302, 0.006567918695509434, 0.0068579912185668945, 0.006987852975726128, 0.0071075716987252235, 0.007175401784479618, 0.0072125280275940895, 0.007268062327057123, 0.007318309508264065, 0.007335430011153221, 0.007357897702604532, 0.007373308762907982, 0.007493358105421066, 0.007533858064562082, 0.007570074405521154, 0.007604182697832584, 0.00782422348856926, 0.007853318005800247, 0.008361251093447208, 0.010300764814019203, 0.010566246695816517, 0.017373839393258095]
Loss function: RMSE
Combinations: [[2, 22], [2, 21], [2, 9], [2, 19], [2, 13], [2, 8], [2, 14], [2, 12], [2, 2], [2, 15], [2, 23], [2, 20], [2, 1], [2, 17], [2, 3], [2, 0], [2, 16], [2, 18], [2, 5], [2, 6], [2, 10], [2, 7], [2, 4], [2, 11]]
Losses: [0.06025813892483711, 0.06150085851550102, 0.06221785023808479, 0.06320414692163467, 0.06427289545536041, 0.06459495425224304, 0.06459613144397736, 0.06471554934978485, 0.06532225012779236, 0.06562105566263199, 0.06570122390985489, 0.06596322357654572, 0.0663386806845665, 0.06661685556173325, 0.06703642010688782, 0.0671706348657608, 0.06747715920209885, 0.06752030551433563, 0.06777556240558624, 0.06876576691865921, 0.06916540116071701, 0.07071718573570251, 0.07214366644620895, 0.08979804813861847]
Loss function: R2
Combinations: [[2, 3], [2, 8], [2, 9], [2, 5], [2, 20], [2, 14], [2, 2], [2, 21], [2, 12], [2, 15], [2, 18], [2, 19], [2, 13], [2, 16], [2, 23], [2, 0], [2, 10], [2, 11], [2, 17], [2, 1], [2, 6], [2, 7], [2, 22], [2, 4]]
Losses: [0.6541825532913208, 0.5042315721511841, 0.26503172516822815, 0.14407406747341156, -0.1173287034034729, -0.1424965262413025, -0.17971132695674896, -0.3767492175102234, -0.6807428598403931, -0.8177440762519836, -0.949305534362793, -1.0576202869415283, -1.7303227186203003, -1.883577823638916, -2.6135506629943848, -2.753338575363159, -3.321820020675659, -3.4971542358398438, -3.564958333969116, -3.6355984210968018, -4.049785137176514, -4.524545669555664, -4.813623428344727, -65.34955596923828]

