#################
Data: train
Run: 2
Time: 2024-09-24 08:18:50
Loss function: MAE
Combinations: [[2, 5], [2, 11], [2, 7], [2, 10], [2, 9], [2, 6], [2, 4], [2, 3], [2, 2], [2, 0], [2, 8], [2, 1]]
Losses: [0.03991418331861496, 0.04004712030291557, 0.04743083566427231, 0.04763646796345711, 0.048040907829999924, 0.04845914617180824, 0.05063439533114433, 0.05067808926105499, 0.053667690604925156, 0.055601008236408234, 0.07134595513343811, 0.07280819118022919]
Baseline losses: [0.12961392104625702, 0.12961392104625702, 0.12961392104625702, 0.12961392104625702, 0.12961392104625702, 0.12961392104625702, 0.12961392104625702, 0.12961392104625702, 0.12961392104625702, 0.12961392104625702, 0.12961392104625702, 0.12961392104625702]
Loss function: MSE
Combinations: [[2, 5], [2, 11], [2, 0], [2, 4], [2, 2], [2, 7], [2, 6], [2, 9], [2, 10], [2, 3], [2, 1], [2, 8]]
Losses: [0.003912287298589945, 0.005914654582738876, 0.007835524156689644, 0.007931000553071499, 0.008047371171414852, 0.00811813585460186, 0.0083847027271986, 0.00867601577192545, 0.009769150987267494, 0.00993184931576252, 0.010435810312628746, 0.01901000551879406]
Baseline losses: [0.06424906104803085, 0.06424906104803085, 0.06424906104803085, 0.06424906104803085, 0.06424906104803085, 0.06424906104803085, 0.06424906104803085, 0.06424906104803085, 0.06424906104803085, 0.06424906104803085, 0.06424906104803085, 0.06424906104803085]
Loss function: RMSE
Combinations: [[2, 5], [2, 11], [2, 7], [2, 10], [2, 9], [2, 6], [2, 4], [2, 3], [2, 2], [2, 0], [2, 8], [2, 1]]
Losses: [0.03991418331861496, 0.04004712030291557, 0.04743083566427231, 0.04763646796345711, 0.048040907829999924, 0.04845914617180824, 0.05063439533114433, 0.05067808926105499, 0.053667690604925156, 0.055601008236408234, 0.07134595513343811, 0.07280819118022919]
Baseline losses: [0.12961392104625702, 0.12961392104625702, 0.12961392104625702, 0.12961392104625702, 0.12961392104625702, 0.12961392104625702, 0.12961392104625702, 0.12961392104625702, 0.12961392104625702, 0.12961392104625702, 0.12961392104625702, 0.12961392104625702]

#################
Data: val
Run: 2
Time: 2024-09-24 08:18:54
Loss function: MAE
Combinations: [[2, 2], [2, 0], [2, 5], [2, 1], [2, 8], [2, 3], [2, 6], [2, 10], [2, 4], [2, 7], [2, 9], [2, 11]]
Losses: [0.06498463451862335, 0.06998487561941147, 0.07100721448659897, 0.07264108210802078, 0.07453882694244385, 0.0758943110704422, 0.07597282528877258, 0.07948404550552368, 0.08147495239973068, 0.08201835304498672, 0.08254420757293701, 0.0834755003452301]
Baseline losses: [0.11410211771726608, 0.11410211771726608, 0.11410211771726608, 0.11410211771726608, 0.11410211771726608, 0.11410211771726608, 0.11410211771726608, 0.11410211771726608, 0.11410211771726608, 0.11410211771726608, 0.11410211771726608, 0.11410211771726608]
Loss function: MSE
Combinations: [[2, 2], [2, 5], [2, 0], [2, 1], [2, 8], [2, 3], [2, 10], [2, 6], [2, 11], [2, 9], [2, 7], [2, 4]]
Losses: [0.007864142768085003, 0.010039879940450191, 0.010560019873082638, 0.011688297614455223, 0.012237217277288437, 0.013124695047736168, 0.01324070431292057, 0.01426004245877266, 0.014764318242669106, 0.015567130409181118, 0.017335688695311546, 0.02052522636950016]
Baseline losses: [0.026968752965331078, 0.026968752965331078, 0.026968752965331078, 0.026968752965331078, 0.026968752965331078, 0.026968752965331078, 0.026968752965331078, 0.026968752965331078, 0.026968752965331078, 0.026968752965331078, 0.026968752965331078, 0.026968752965331078]
Loss function: RMSE
Combinations: [[2, 2], [2, 0], [2, 5], [2, 1], [2, 8], [2, 3], [2, 6], [2, 10], [2, 4], [2, 7], [2, 9], [2, 11]]
Losses: [0.06498463451862335, 0.06998487561941147, 0.07100721448659897, 0.07264108210802078, 0.07453882694244385, 0.0758943110704422, 0.07597282528877258, 0.07948404550552368, 0.08147495239973068, 0.08201835304498672, 0.08254420757293701, 0.0834755003452301]
Baseline losses: [0.11410211771726608, 0.11410211771726608, 0.11410211771726608, 0.11410211771726608, 0.11410211771726608, 0.11410211771726608, 0.11410211771726608, 0.11410211771726608, 0.11410211771726608, 0.11410211771726608, 0.11410211771726608, 0.11410211771726608]

#################
Data: train
Run: 2
Time: 2024-09-24 14:00:16
Loss function: MAE
Combinations: [[2, 2], [2, 3], [2, 0], [2, 1]]
Losses: [0.016255423426628113, 0.025011280551552773, 0.030055426061153412, 0.03034486249089241]
Baseline losses: [0.05635387450456619, 0.05635387450456619, 0.05635387450456619, 0.05635387450456619]
Loss function: MSE
Combinations: [[2, 2], [2, 3], [2, 0], [2, 1]]
Losses: [0.0005801976658403873, 0.0015318648656830192, 0.002027750015258789, 0.0021301512606441975]
Baseline losses: [0.012145377695560455, 0.012145377695560455, 0.012145377695560455, 0.012145377695560455]
Loss function: RMSE
Combinations: [[2, 2], [2, 3], [2, 0], [2, 1]]
Losses: [0.016255423426628113, 0.025011280551552773, 0.030055426061153412, 0.03034486249089241]
Baseline losses: [0.05635387450456619, 0.05635387450456619, 0.05635387450456619, 0.05635387450456619]

#################
Data: val
Run: 2
Time: 2024-09-24 14:00:17
Loss function: MAE
Combinations: [[2, 1], [2, 0], [2, 3], [2, 2]]
Losses: [0.02213377133011818, 0.027943581342697144, 0.03584286943078041, 0.03798466548323631]
Baseline losses: [0.04960961639881134, 0.04960961639881134, 0.04960961639881134, 0.04960961639881134]
Loss function: MSE
Combinations: [[2, 1], [2, 0], [2, 3], [2, 2]]
Losses: [0.0008883409900590777, 0.0015178193571045995, 0.0024756265338510275, 0.003184952773153782]
Baseline losses: [0.005098062567412853, 0.005098062567412853, 0.005098062567412853, 0.005098062567412853]
Loss function: RMSE
Combinations: [[2, 1], [2, 0], [2, 3], [2, 2]]
Losses: [0.02213377133011818, 0.027943581342697144, 0.03584286943078041, 0.03798466548323631]
Baseline losses: [0.04960961639881134, 0.04960961639881134, 0.04960961639881134, 0.04960961639881134]

