################# Run: 0 #################
Time: 2025-01-26 11:36:16
Dataset: val | Loss: MAE
Combinations: [[0, 11], [0, 9], [0, 44], [0, 1], [0, 2], [0, 10], [0, 16], [0, 0], [0, 4], [0, 3], [0, 46], [0, 19], [0, 22], [0, 23], [0, 20], [0, 47], [0, 8], [0, 7], [0, 58], [0, 5], [0, 42], [0, 6], [0, 36], [0, 30], [0, 56], [0, 32], [0, 14], [0, 18], [0, 38], [0, 45], [0, 57], [0, 15], [0, 12], [0, 31], [0, 68], [0, 50], [0, 17], [0, 13], [0, 70], [0, 26], [0, 40], [0, 54], [0, 62], [0, 28], [0, 21], [0, 25], [0, 51], [0, 48], [0, 52], [0, 35], [0, 39], [0, 66], [0, 43], [0, 33], [0, 34], [0, 59], [0, 49], [0, 71], [0, 55], [0, 60], [0, 37], [0, 63], [0, 69], [0, 41], [0, 64], [0, 24], [0, 53], [0, 29], [0, 67], [0, 27], [0, 65], [0, 61]]
Model Losses: [0.00775 , 0.007792, 0.007794, 0.00785 , 0.007856, 0.007923, 0.007929, 0.007957, 0.007965, 0.007996, 0.008014, 0.008026, 0.008031, 0.008042, 0.008042, 0.008043, 0.008063, 0.008075, 0.008078, 0.008122, 0.008166, 0.008171, 0.008231, 0.008241, 0.008255, 0.008259, 0.008269, 0.008281, 0.008282, 0.008309, 0.008314, 0.008315, 0.008341, 0.008357, 0.008367, 0.008379, 0.00839 , 0.00839 , 0.008417, 0.008464, 0.008468, 0.008488, 0.008498, 0.008515, 0.008517, 0.008578, 0.008579, 0.008581, 0.008613, 0.008614, 0.008631, 0.008664, 0.008672, 0.00869 , 0.008724, 0.008732, 0.008743, 0.008835, 0.008852, 0.008869, 0.008896, 0.0089  , 0.008914, 0.00894 , 0.008948, 0.008948, 0.008976, 0.009002, 0.009028, 0.009032, 0.009319, 0.00932 ]
BL zero Losses: [0.018018, 0.018018, 0.018018, 0.018018, 0.018018, 0.018018, 0.018018, 0.018018, 0.018018, 0.018018, 0.018018, 0.018018, 0.018018, 0.018018, 0.018018, 0.018018, 0.018018, 0.018018, 0.018018, 0.018018, 0.018018, 0.018018, 0.018018, 0.018018, 0.018018, 0.018018, 0.018018, 0.018018, 0.018018, 0.018018, 0.018018, 0.018018, 0.018018, 0.018018, 0.018018, 0.018018, 0.018018, 0.018018, 0.018018, 0.018018, 0.018018, 0.018018, 0.018018, 0.018018, 0.018018, 0.018018, 0.018018, 0.018018, 0.018018, 0.018018, 0.018018, 0.018018, 0.018018, 0.018018, 0.018018, 0.018018, 0.018018, 0.018018, 0.018018, 0.018018, 0.018018, 0.018018, 0.018018, 0.018018, 0.018018, 0.018018, 0.018018, 0.018018, 0.018018, 0.018018, 0.018018, 0.018018]
Hyperparameters: [('course_encoding_dim', [(np.str_('1'), np.int64(5))]), ('dataset_mode', [(np.str_('normal'), np.int64(5))]), ('dropout', [(np.str_('0'), np.int64(5))]), ('features', [(np.str_('occrate_avgocc_coursenumber_tutorium_test_cancelled_type_registered'), np.int64(2)), (np.str_('occrate_avgocc_coursenumber_tutorium_test_cancelled_type_registered_hod_lecture'), np.int64(3))]), ('hidden_size', [(np.str_('[128, 128]'), np.int64(3)), (np.str_('[32, 32]'), np.int64(2))]), ('num_layers', [(np.str_('2'), np.int64(2)), (np.str_('3'), np.int64(3))]), ('split_by', [(np.str_('time'), np.int64(5))]), ('with_examweek', [(np.str_('True'), np.int64(5))]), ('x_horizon', [(np.str_('12'), np.int64(5))]), ('y_horizon', [(np.str_('12'), np.int64(5))])]

Dataset: val | Loss: R2
Combinations: [[0, 4], [0, 7], [0, 13], [0, 8], [0, 0], [0, 20], [0, 46], [0, 9], [0, 23], [0, 32], [0, 41], [0, 29], [0, 66], [0, 58], [0, 40], [0, 21], [0, 42], [0, 44], [0, 31], [0, 26], [0, 36], [0, 1], [0, 54], [0, 70], [0, 14], [0, 45], [0, 19], [0, 2], [0, 47], [0, 30], [0, 62], [0, 48], [0, 16], [0, 33], [0, 17], [0, 24], [0, 50], [0, 11], [0, 22], [0, 68], [0, 49], [0, 38], [0, 65], [0, 3], [0, 18], [0, 56], [0, 5], [0, 51], [0, 71], [0, 10], [0, 52], [0, 59], [0, 57], [0, 64], [0, 34], [0, 15], [0, 12], [0, 6], [0, 60], [0, 39], [0, 53], [0, 28], [0, 43], [0, 67], [0, 69], [0, 61], [0, 55], [0, 35], [0, 37], [0, 25], [0, 27], [0, 63]]
Model Losses: [0.65561 , 0.620386, 0.616037, 0.609672, 0.60894 , 0.599072, 0.596331, 0.594835, 0.592556, 0.591719, 0.589235, 0.582244, 0.576283, 0.573388, 0.56867 , 0.567453, 0.566929, 0.56586 , 0.565317, 0.557758, 0.556466, 0.554886, 0.550665, 0.55039 , 0.549947, 0.549161, 0.54418 , 0.543734, 0.542312, 0.542289, 0.539621, 0.535214, 0.532143, 0.530837, 0.530338, 0.526839, 0.526682, 0.518965, 0.517509, 0.516461, 0.515254, 0.512043, 0.511229, 0.510398, 0.50657 , 0.505992, 0.501543, 0.501279, 0.499366, 0.49528 , 0.493073, 0.491488, 0.485287, 0.484649, 0.480216, 0.477806, 0.475528, 0.474035, 0.472354, 0.469504, 0.466792, 0.462371, 0.461246, 0.44964 , 0.444226, 0.425605, 0.42368 , 0.42087 , 0.412005, 0.407646, 0.3833  , 0.260033]
BL zero Losses: [-0.423627, -0.423627, -0.423627, -0.423627, -0.423627, -0.423627, -0.423627, -0.423627, -0.423627, -0.423627, -0.423627, -0.423627, -0.423627, -0.423627, -0.423627, -0.423627, -0.423627, -0.423627, -0.423627, -0.423627, -0.423627, -0.423627, -0.423627, -0.423627, -0.423627, -0.423627, -0.423627, -0.423627, -0.423627, -0.423627, -0.423627, -0.423627, -0.423627, -0.423627, -0.423627, -0.423627, -0.423627, -0.423627, -0.423627, -0.423627, -0.423627, -0.423627, -0.423627, -0.423627, -0.423627, -0.423627, -0.423627, -0.423627, -0.423627, -0.423627, -0.423627, -0.423627, -0.423627, -0.423627, -0.423627, -0.423627, -0.423627, -0.423627, -0.423627, -0.423627, -0.423627, -0.423627, -0.423627, -0.423627, -0.423627, -0.423627, -0.423627, -0.423627, -0.423627, -0.423627, -0.423627, -0.423627]
Hyperparameters: [('course_encoding_dim', [(np.str_('1'), np.int64(5))]), ('dataset_mode', [(np.str_('normal'), np.int64(5))]), ('dropout', [(np.str_('0'), np.int64(5))]), ('features', [(np.str_('occrate_avgocc_coursenumber_tutorium_test_cancelled_type_registered'), np.int64(3)), (np.str_('occrate_avgocc_coursenumber_tutorium_test_cancelled_type_registered_hod_lecture'), np.int64(2))]), ('hidden_size', [(np.str_('[128, 128]'), np.int64(1)), (np.str_('[16, 16]'), np.int64(2)), (np.str_('[32, 32]'), np.int64(2))]), ('num_layers', [(np.str_('2'), np.int64(1)), (np.str_('3'), np.int64(4))]), ('split_by', [(np.str_('time'), np.int64(5))]), ('with_examweek', [(np.str_('True'), np.int64(5))]), ('x_horizon', [(np.str_('12'), np.int64(5))]), ('y_horizon', [(np.str_('12'), np.int64(5))])]

Dataset: test | Loss: MAE
Combinations: [[0, 23], [0, 2], [0, 20], [0, 3], [0, 36], [0, 21], [0, 16], [0, 7], [0, 1], [0, 22], [0, 33], [0, 56], [0, 11], [0, 10], [0, 6], [0, 5], [0, 28], [0, 35], [0, 26], [0, 12], [0, 24], [0, 32], [0, 17], [0, 54], [0, 57], [0, 13], [0, 31], [0, 58], [0, 68], [0, 47], [0, 51], [0, 43], [0, 19], [0, 18], [0, 55], [0, 50], [0, 37], [0, 49], [0, 38], [0, 67], [0, 15], [0, 44], [0, 48], [0, 52], [0, 40], [0, 9], [0, 63], [0, 70], [0, 29], [0, 61], [0, 59], [0, 53], [0, 30], [0, 39], [0, 8], [0, 46], [0, 14], [0, 4], [0, 42], [0, 71], [0, 69], [0, 34], [0, 65], [0, 27], [0, 0], [0, 60], [0, 45], [0, 62], [0, 25], [0, 64], [0, 66], [0, 41]]
Model Losses: [0.014004, 0.014242, 0.01427 , 0.014343, 0.014353, 0.014405, 0.014447, 0.014462, 0.014466, 0.014483, 0.014484, 0.014573, 0.014608, 0.01461 , 0.014618, 0.014633, 0.014643, 0.014647, 0.014654, 0.014771, 0.014807, 0.014826, 0.014828, 0.014853, 0.014867, 0.01488 , 0.014902, 0.014914, 0.014955, 0.014977, 0.015035, 0.015045, 0.015058, 0.015069, 0.015114, 0.015117, 0.015168, 0.015181, 0.015196, 0.015229, 0.015242, 0.015258, 0.015268, 0.015269, 0.015346, 0.015369, 0.015372, 0.015385, 0.015405, 0.015419, 0.015438, 0.015441, 0.01547 , 0.01551 , 0.015529, 0.01553 , 0.01555 , 0.015567, 0.015575, 0.015576, 0.015647, 0.015685, 0.015729, 0.01573 , 0.015783, 0.0158  , 0.016118, 0.016183, 0.016271, 0.016719, 0.016857, 0.016913]
BL zero Losses: [0.026632, 0.026632, 0.026632, 0.026632, 0.026632, 0.026632, 0.026632, 0.026632, 0.026632, 0.026632, 0.026632, 0.026632, 0.026632, 0.026632, 0.026632, 0.026632, 0.026632, 0.026632, 0.026632, 0.026632, 0.026632, 0.026632, 0.026632, 0.026632, 0.026632, 0.026632, 0.026632, 0.026632, 0.026632, 0.026632, 0.026632, 0.026632, 0.026632, 0.026632, 0.026632, 0.026632, 0.026632, 0.026632, 0.026632, 0.026632, 0.026632, 0.026632, 0.026632, 0.026632, 0.026632, 0.026632, 0.026632, 0.026632, 0.026632, 0.026632, 0.026632, 0.026632, 0.026632, 0.026632, 0.026632, 0.026632, 0.026632, 0.026632, 0.026632, 0.026632, 0.026632, 0.026632, 0.026632, 0.026632, 0.026632, 0.026632, 0.026632, 0.026632, 0.026632, 0.026632, 0.026632, 0.026632]
Hyperparameters: [('course_encoding_dim', [(np.str_('1'), np.int64(5))]), ('dataset_mode', [(np.str_('normal'), np.int64(5))]), ('dropout', [(np.str_('0'), np.int64(5))]), ('features', [(np.str_('occrate_avgocc_coursenumber_tutorium_test_cancelled_type_registered'), np.int64(3)), (np.str_('occrate_avgocc_coursenumber_tutorium_test_cancelled_type_registered_hod_lecture'), np.int64(2))]), ('hidden_size', [(np.str_('[128, 128]'), np.int64(2)), (np.str_('[32, 32]'), np.int64(3))]), ('num_layers', [(np.str_('2'), np.int64(3)), (np.str_('3'), np.int64(2))]), ('split_by', [(np.str_('time'), np.int64(5))]), ('with_examweek', [(np.str_('True'), np.int64(5))]), ('x_horizon', [(np.str_('12'), np.int64(5))]), ('y_horizon', [(np.str_('12'), np.int64(5))])]

Dataset: test | Loss: R2
Combinations: [[0, 23], [0, 24], [0, 10], [0, 3], [0, 1], [0, 36], [0, 5], [0, 7], [0, 13], [0, 21], [0, 20], [0, 19], [0, 22], [0, 11], [0, 6], [0, 15], [0, 16], [0, 4], [0, 9], [0, 28], [0, 30], [0, 26], [0, 12], [0, 33], [0, 2], [0, 55], [0, 8], [0, 54], [0, 59], [0, 35], [0, 17], [0, 32], [0, 56], [0, 31], [0, 29], [0, 14], [0, 0], [0, 63], [0, 47], [0, 38], [0, 51], [0, 27], [0, 18], [0, 58], [0, 57], [0, 34], [0, 42], [0, 37], [0, 67], [0, 46], [0, 41], [0, 52], [0, 43], [0, 66], [0, 44], [0, 48], [0, 70], [0, 68], [0, 45], [0, 40], [0, 71], [0, 62], [0, 39], [0, 49], [0, 50], [0, 53], [0, 25], [0, 64], [0, 60], [0, 61], [0, 69], [0, 65]]
Model Losses: [ 0.095323,  0.072492,  0.069736,  0.032658,  0.02821 ,  0.006088, -0.032409, -0.034561, -0.043395, -0.063169, -0.06923 , -0.088333, -0.108139, -0.109362, -0.116597, -0.132568, -0.145657, -0.147236, -0.168357, -0.19168 , -0.192698, -0.194492, -0.210481, -0.214444, -0.23651 , -0.242545, -0.260689, -0.269943, -0.283084, -0.318969, -0.34581 , -0.345841, -0.366615, -0.374565, -0.375149, -0.376117, -0.476379, -0.497006, -0.498125, -0.50287 , -0.529377, -0.565834, -0.592791, -0.597356, -0.603811, -0.60639 , -0.614953, -0.624448, -0.634701, -0.664825, -0.68059 , -0.685187, -0.691442, -0.692135, -0.69296 , -0.706272, -0.733401, -0.75201 , -0.77856 , -0.85135 , -0.899584, -0.914698, -0.914715, -0.968861, -0.975181, -1.07306 , -1.177563, -1.206201, -1.255547, -1.295843, -1.311646, -1.690782]
BL zero Losses: [-0.563866, -0.563866, -0.563866, -0.563866, -0.563866, -0.563866, -0.563866, -0.563866, -0.563866, -0.563866, -0.563866, -0.563866, -0.563866, -0.563866, -0.563866, -0.563866, -0.563866, -0.563866, -0.563866, -0.563866, -0.563866, -0.563866, -0.563866, -0.563866, -0.563866, -0.563866, -0.563866, -0.563866, -0.563866, -0.563866, -0.563866, -0.563866, -0.563866, -0.563866, -0.563866, -0.563866, -0.563866, -0.563866, -0.563866, -0.563866, -0.563866, -0.563866, -0.563866, -0.563866, -0.563866, -0.563866, -0.563866, -0.563866, -0.563866, -0.563866, -0.563866, -0.563866, -0.563866, -0.563866, -0.563866, -0.563866, -0.563866, -0.563866, -0.563866, -0.563866, -0.563866, -0.563866, -0.563866, -0.563866, -0.563866, -0.563866, -0.563866, -0.563866, -0.563866, -0.563866, -0.563866, -0.563866]
Hyperparameters: [('course_encoding_dim', [(np.str_('1'), np.int64(5))]), ('dataset_mode', [(np.str_('normal'), np.int64(5))]), ('dropout', [(np.str_('0'), np.int64(5))]), ('features', [(np.str_('occrate_avgocc_coursenumber_tutorium_test_cancelled_type_registered'), np.int64(2)), (np.str_('occrate_avgocc_coursenumber_tutorium_test_cancelled_type_registered_hod_lecture'), np.int64(3))]), ('hidden_size', [(np.str_('[128, 128]'), np.int64(2)), (np.str_('[32, 32]'), np.int64(3))]), ('num_layers', [(np.str_('2'), np.int64(3)), (np.str_('3'), np.int64(2))]), ('split_by', [(np.str_('time'), np.int64(5))]), ('with_examweek', [(np.str_('True'), np.int64(5))]), ('x_horizon', [(np.str_('12'), np.int64(5))]), ('y_horizon', [(np.str_('12'), np.int64(5))])]



